579444
1274880
1864796
2808102
4991820
5058886
5932430
6182201
6956595
7660114
8955136
8973616
10372316
10507778
12852328
12866945
14096349
14710700
16016672
16210931
16527461
16613418
16729417
16772797
17033783
17612432
17911625
18088307
18545147
18631247
19312504
19348295
19512721
19674763
19699442
21365575
22121886
22300385
22615143
22797274
23517104
23595178
24259292
24771606
26072418
26311955
27702015
28654064
28820745
29643890
30319597
30593180
31653733
31968606
33921876
33967768
35173578
35880384
36520679
36550138
36988956
39245249
40217992
40547137
40906164
43603852
43628497
43921880
44257733
44606807
46012792
46773354
48964439
50327432
51117974
51270514
52093931
52895681
54597375
54836902
56172215
56276653
56291004
56651333
56668022
57441214
57527875
57730958
58642566
59031327
59060786
60194853
60753293
62396527
63239723
63505692
64160313
64419570
64478031
64570782
64639598
64701509
64735571
66156230
66934808
67350193
68154521
68268124
68744905
69055319
70800831
71699788
72313027
72314236
72369154
72508848
74139143
74507715
74875355
74941227
75045614
75276929
77109128
77327179
77682514
78876812
79558440
79638459
80139880
80383842
80384760
83042868
83592777
83750869
83889531
83929310
85489561
87079853
87456090
88547894
89757146
89924971
90081884
90698944
93470412
95714926
96608456
96946361
97194659
98668592
99204647
99434556
99744360
100417455
101212724
101262479
101485445
101772707
101851633
102351723
102893351
103030325
103223114
103582047
103605866
104122598
104284826
104869474
105062587
105397478
105762855
105987558
106025069
106043650
106323003
106759638
107751296
107798773
108224945
109048765
109599313
110227379
110815520
111495187
113389365
113922009
113922212
114725707
115601097
116070176
116220663
116919967
117310352
117377126
117530731
117878103
118014242
118045657
118233723
118418853
118937292
119524963
119668161
119852295
120047839
120280843
120335399
122281173
122294630
123193763
123493396
123730539
124092486
126620455
126836424
128239505
128349430
129679059
129987386
130307271
130500419
130914526
131471884
131802854
131851070
132135831
132224368
132773053
132978320
133262906
133272649
133900801
133980027
134114254
134796404
134896671
135768272
136445206
136741717
136840754
137175024
137220208
139986948
140127873
140789534
141456882
141799630
141869188
142175815
142413688
142865373
143012007
143085281
143547995
143797059
144049562
144409538
144503241
144567743
145096485
146736180
147141068
147342642
147365658
147800334
148698325
149237584
149431572
149538193
149672700
149889772
151027002
151574481
151887979
152003556
152037351
152341127
153784362
154080226
154129247
154929751
155701951
155830608
156148235
156717471
156958754
158903296
159166774
159603669
159760945
161254941
162324511
162638301
163013868
163068302
163195025
163541215
163789021
164914515
164948367
165930772
165930793
166106480
166114407
166489203
166981932
167328001
167727209
169293888
169818787
169980130
170010035
170512307
170835163
170986456
171505700
171599124
171974805
172311694
172657161
173069772
173160082
173443666
173653779
174189198
175519584
176645150
178676863
179505789
180148191
180821827
181383598
181404538
182172476
182589238
184712220
184898335
185404848
185511824
185609253
185621412
186262554
187587236
187812980
188092717
188267070
188600562
189871410
190165389
190291347
190683644
191121019
191837939
191972365
192005291
192986885
193015865
194956920
195431782
195668884
195915958
196301005
197181744
197592315
198019278
198249058
198581198
198707979
198712781
198998322
199868404
200500190
200588183
201453824
202467073
202594169
202715862
203048856
203267898
203505810
203729438
204273183
204304559
204841681
205847310
207072356
207705548
207874599
208670642
209101074
209500662
209916156
211374614
211694204
211743711
212498513
213322628
213542076
214273024
214597410
214947275
215348891
216099941
216183665
216207524
216656312
218065324
218087230
218701221
220064581
220298938
220336856
221290187
221539150
221616155
221774903
221998051
222335381
222360421
222491533
222867371
223213416
223224926
223840096
224702127
225029511
226536141
226693750
226734721
227097428
227159724
227743118
227799603
227993937
228265096
228344968
228785045
229321439
229755368
230177983
230700057
231080578
231721192
231824512
231951661
234186025
234357878
234564458
235608052
235782571
236176457
236559037
236603469
236961459
237000692
237286183
238216688
238454326
239161392
239773876
239871127
240938267
241109079
241350266
241403237
241775866
242260422
242738311
242911833
243132435
243288520
244468577
246329732
246477610
247933899
248336562
248464569
248675354
248729681
248738080
249678648
249830836
250736200
250970524
251326848
251400934
252024792
252508347
252659456
253298247
253708127
254177004
254434597
255046841
255347207
255522996
256214117
256460206
256937165
257485447
258263014
258759142
259749534
260107809
261257629
261278302
261683907
262862586
265007854
266668427
266914782
266947626
267193985
267320886
269538314
269882928
270444893
270531155
270745707
271286484
271545611
271949100
272002771
272083404
272123017
272286632
272428864
272880454
273789580
274036118
275785905
276883772
276990244
277461482
278153609
278195878
278876220
278908557
279632053
279848706
280046298
280808334
280863081
281055728
281899977
281983036
282127576
282421294
283099063
286251031
286469213
286820780
287235974
287278901
287562297
287853436
289848309
289953485
290276280
290725693
291138524
291195931
292729502
292972601
293500429
293576147
294208173
294440562
294520397
294926095
295986946
296215934
296590898
296817607
297289364
297474353
297481036
297866073
299429919
299906872
300156339
300234076
300645021
301181028
301531839
302315154
302712329
303013803
303469777
303639755
305224805
305728228
305904626
306435360
306566903
307872473
308868650
309338894
309461125
309848069
310132160
310868400
311060587
311277736
311439085
311443590
311467006
311678907
311744463
312283331
312286134
312522980
312748702
313039594
313126313
313461721
313743731
314147743
314321943
314751118
315203615
317230238
317893167
318107488
318921841
319844740
320929840
321536413
321921331
322191483
322282764
322574410
322599296
322858891
323256500
323969979
324095262
324429344
324503200
325530942
326082123
326458550
327332866
327689702
328879127
329189285
329803967
330092099
330381111
330760029
331026027
331346632
332848510
333256285
333354584
333987464
334542873
336590210
336905509
336995254
337032251
337259347
337328869
337684356
338916536
338973992
338985270
339311328
339508758
340262911
341544073
342944726
343802616
344065109
344146538
344449913
345341509
345502680
345549126
345712232
346453862
346866923
348041188
348454771
350261084
350707111
350768182
351065175
351255771
352457552
353115181
353225383
354300181
355760584
356677165
356757164
356775596
356780551
356860375
356953873
357244389
357791299
358120582
358533417
359189934
359378269
360520006
360548411
361089014
361541012
361580911
361762349
362078707
362874643
362930636
363307209
364332720
364383650
364725605
365152476
365656042
366480817
369120121
369525229
369730794
369853951
369984514
370377064
370984452
371076964
371100142
371444268
372029158
372189668
372364447
372722997
373406665
373659672
373740326
375360914
376037185
376056148
377199239
377761723
377944782
378406497
379647441
379815054
380127171
380323295
381626574
382099410
383081873
385229528
386014780
386385481
387363035
387408742
388961206
389033558
389557418
389655495
389674745
391143166
391172019
391640968
392842371
393527823
394365338
395194171
395206862
395232505
396716140
396743679
396797907
396967391
396976840
398156244
398183226
398801304
399337735
399505323
400668266
400807871
401182787
401445621
403257181
403919806
404472936
404491569
405114502
405143027
406080361
406227844
406242071
406484769
406885892
408537993
408558581
409397242
410399792
411206974
411326451
412726482
413024376
413087450
413290400
413652728
413968946
415516438
416056183
416974599
417129377
417397417
419664539
419958975
420756372
421431608
422638918
422826320
424025475
424574231
424719117
425392437
426511781
427493024
428689599
428896524
430242147
430326063
430878343
430939150
431543430
431627223
432178951
435086186
435516894
437151138
437232374
437843395
437915664
438138720
438859819
440180140
440895854
441341748
441638569
442451686
442550416
442591671
445233486
445252824
446517185
446981627
447075627
447290837
447507025
447944305
448150139
449366643
449659991
449750973
451024367
452997533
454656281
454699301
455691996
455871497
456061258
456451478
456488056
456807132
457411821
457706297
458406377
459293251
460163210
460759676
462387332
462563886
462918081
463622110
464168582
465869421
466050075
466751929
467000578
467113668
467297103
468177457
468990932
469543831
469794591
469850073
469980858
470167696
470555426
470890691
471525917
471968218
472222266
472413233
472581027
473160538
473352388
473504847
475434093
476515327
476663713
477554323
478481335
478485792
479730855
479994133
481013499
481122561
481217360
482833213
483016070
483944361
485008029
486170821
486945396
487501907
488423153
489584575
489699733
489836810
491516336
493794006
494081798
494919879
495100368
495336760
495616249
495816660
497306552
497565728
497905407
498036731
498429151
498837450
499195403
499425861
499533469
499974452
501723594
502178393
502393392
502867588
503496941
503569895
504324193
505468802
506144142
506185499
506250195
506294258
506502965
507084992
507215578
507335339
507530585
507908469
507946504
510401390
511085431
511901474
512078026
513087284
513157281
513814306
514321825
515750679
515830930
516694008
517036512
518226942
518490291
519162366
519196435
519653442
520100061
520199793
520544664
520898512
520909479
522156931
522776273
522777657
522931848
524301038
524641105
525116577
525345032
526440184
526467780
527511684
527565953
528230175
528520423
528697864
528767391
528933738
529716835
530886181
530936613
531339884
531412229
532455479
532499752
532694422
532749404
532947365
533395463
533889492
533941279
535586403
536040173
536067747
536501789
536591359
536701962
537205346
537591487
537660490
537867168
537986730
538750928
539747675
539969508
542536164
542764003
542902503
543054038
544887935
545482012
545604989
546004922
546054899
546170379
546423080
546460827
546525400
546679540
547036957
547475360
547705855
547904939
548240927
548601261
551123987
552741614
552779707
552896759
553081550
553394951
553558034
553813910
554979077
555821625
556174780
556251207
556606912
557511876
557678307
557932725
559110993
559416846
559432311
559631505
560208846
560451420
560914328
561474047
561753323
562270072
562442932
562443014
562474221
562682312
562959383
563605581
563876682
564801683
565621487
566873498
567800237
567867895
567897176
569210421
570139378
570190270
571317613
571838140
572288688
572624651
572920345
574483003
575176710
575590368
576259687
576336523
576933120
577614916
578053785
578166557
578185826
578380694
578413258
578916062
580887130
580958834
581799298
581977071
581988902
582152933
582610552
583395452
584450729
584676775
585353096
585929262
586008959
587942198
588620823
588804828
589792081
590315782
590993863
591192501
591706117
591914353
592702855
592918458
595440696
595906630
597488789
599099957
599597686
599611750
599634413
599741281
600064925
600392724
600714816
601048238
601400043
601434907
601667435
601763986
603020698
603349800
603488917
604147724
604150775
605379229
606863851
607025417
607289120
607477637
609119428
609422418
609439500
611192640
611638242
612723252
612753113
613352321
614347701
614685353
614815464
614891476
615264798
615346445
615553137
615555385
615689428
616126250
617675424
617893449
617905422
618433827
618814502
619533160
620138819
620481353
620609715
620825552
622055258
622444406
623080162
623275572
623877933
624762060
624887705
625990812
628015736
628317403
629770076
630400235
630435972
631877552
632044606
632808080
634133881
634403398
634703561
635268879
635338050
635638971
635858970
637176609
637320513
637757748
638330520
639267274
639359791
639629646
640289511
640984197
643477984
644366261
644474478
645476257
645616517
645640527
645872173
646515094
646682429
647323059
647793811
647858736
648130181
648194697
648360870
649553498
649924710
650078204
650602809
651166023
651619625
652290571
653064461
653544819
654089409
654172385
654499953
656513845
656673574
656890527
657469972
658144606
658225026
659394664
659407072
659762850
660784871
661277242
661423809
661448089
662162261
662340927
662591407
662605650
662611981
662695509
663123423
663774852
663794726
663878576
664248779
664819959
664848747
665686187
666827219
666950808
667801079
667895802
668657678
671449566
671837017
672256123
674860890
675054540
675425315
676340729
676341660
676361273
676893625
677079411
677333082
677889049
678247839
678555070
679020784
679162406
680510323
681097316
681689798
681709260
682828363
683078834
683093377
683126848
683254561
683646070
683951790
684156039
685478334
685673537
686450904
686676437
686838801
687012911
687705399
688033860
690753762
692264156
692662800
693492202
693950202
694614466
694729958
696717957
696732514
696933234
697078528
699007889
699023049
699805180
699810760
702697839
703088198
703152880
703325876
703427875
703702216
704367350
704871315
705384090
709773790
709891738
710776148
712244124
712379822
712654033
713387552
713687998
714604075
715026042
718756470
719093546
719113722
719889801
720307465
720483929
720942722
720981205
721688384
722157930
722774925
723058347
724690783
724989112
725179057
725638739
726536325
726660412
726973927
727377970
727991108
728274162
728367146
728537355
728875929
728924534
729541910
730149740
731228455
731811290
732521112
732974480
733029295
733242150
733320198
733592158
733684273
733688940
733736836
733952503
733972425
734024151
736400808
736982478
738178041
738194842
738232803
739482344
739763493
740183451
740578650
740785017
741421855
742738347
743079082
743589132
744346861
744874912
745104788
745366038
745401785
746961017
747547205
747563807
747690643
748088842
748487864
749946519
750533678
750593820
751010638
751304357
752072915
752265898
753214965
754486114
754557671
754822829
755332475
755942231
756127684
756461624
757591238
757647568
757870950
758354265
758590130
760189908
760331342
760821705
761626305
761761997
762589251
763132659
763382881
763818304
763835330
765288689
765396608
765804069
766019905
766342640
766584971
767501596
767878764
767987795
768133641
768347787
769226356
769400977
769477190
769600232
769688365
769861844
770707717
770870581
771200447
771334589
771532137
771726605
772231758
772423529
772924139
773421198
773425823
773644754
773916141
774698708
775527567
776131224
776856290
777003153
777336669
777509130
777808499
777830998
777891572
778387175
778552979
778608432
779632090
780280500
781112142
781134369
783114110
783826800
783986937
784364008
784384329
784487888
785141518
785679134
785696069
785810149
785831465
785849202
785894657
787175429
787935096
788002179
788221782
788663765
789841987
790117739
790385898
790947902
791110842
791952756
793137246
793271356
793284655
796704724
796706664
798310838
798626465
799018728
799988469
801409696
802226313
803768751
803906319
803962836
804222041
805055515
805344563
805798257
805885229
806033788
806769946
806891392
807603671
807738517
807888420
808513679
810201896
810676775
810836925
811105140
811156501
811529357
811696647
811722215
812150117
812184921
813695619
813846286
814207253
816012131
816886142
817409179
817713902
820087048
820612277
821064152
821256801
821295497
822343637
823293197
823690192
823792601
825214700
825323797
825619414
825713094
825851307
826053094
826315687
826457463
826845843
826850912
827177736
827715103
827716074
827888623
828814237
829179876
829554117
829614352
830152796
830187483
830549265
830859089
830998564
831020576
831417680
832027263
832513948
832923851
833081933
833433675
834460321
834619135
834840281
834852292
835313429
835343106
835550743
835921057
836047231
836582659
836588461
837320672
837435490
837955160
839287818
839631750
839978014
840262257
841246664
841408500
842118778
842709788
844550779
844932583
845250356
845574680
845717955
846429359
846570417
846728199
847009660
847893826
849002647
849543366
849584771
850181839
850905326
850965788
851161190
851596379
852025632
853138446
853306461
854192518
854444912
854937557
854969752
856302298
856417672
856897582
856928325
857221776
857437360
857478524
857568901
858028894
859407991
859971790
860269494
860511155
862363014
862829977
863264186
864841835
865411657
865579589
866077488
866116337
866752022
866961303
867415430
869087455
869549162
870000316
870030628
870271087
871036635
871238469
871556943
871718340
872561598
873172464
873885058
874682866
875386837
875595784
876538105
876850042
878165992
878725344
878800984
879151223
879903699
880070167
880327547
880420840
880943257
881720752
882334463
882479124
882532636
882943337
883762621
884515393
884560766
885214601
885386355
885813327
886712557
887330725
887603987
887813384
889775881
889793490
889846275
889897457
890023764
892175508
892289349
892491774
892563655
892676523
893152436
894468409
894736771
894825022
896522710
896817543
898738337
898758514
899402749
899414891
901328212
901471264
901598849
901650337
903365521
903847598
904734025
905489766
905584066
906062096
907129433
907324288
907411846
907913687
909154635
909593454
910265692
911002622
911772839
912774808
913025480
913291345
913636580
913837881
913874873
914131893
914271382
914473393
914802490
915082553
915596644
915633132
916015163
916040193
916686662
917430481
917503181
917589605
917860527
917885860
917996476
918454654
919459195
921392213
923063018
923528431
923741527
924237518
924288288
925836076
925861761
926243742
927200469
927648154
927847979
928353999
928795593
928991129
929299116
930738586
930976750
932682226
934642612
934762494
935665872
938194873
938868757
939183501
939450547
939585824
939618613
939619442
940643537
940774170
940970302
941323441
941372635
942118188
942216982
943975600
944790431
945763909
947660009
949887621
950161418
950301000
950814738
950866170
951379745
951438323
951723620
951791446
952923100
953245246
953874686
954847768
954851155
954976084
955319829
955932702
956304019
956597501
956783819
956931440
958225110
958616312
959334174
959465960
960121246
960743842
960998565
961316363
961531992
962452526
963838730
963992175
964135128
965968438
966911837
966934539
968230080
968356024
970487067
970769107
971005743
971521386
971752294
971822038
973189592
973226636
973657328
973757020
974649382
975281359
975584757
975871222
976027814
976192265
976632726
977152604
977773273
978039994
978333281
978512900
978928000
979503066
980124355
982138414
982467564
982539805
982553359
985037189
985293534
985446754
987486516
987742885
988649766
988749001
989383170
990351680
993234286
993438474
994941676
996501408
996605823
997058527
997430658
998191037
998324901
998489020
999328526
999791542
1000063891
1001551527
1001805489
1002480748
1003130271
1004286859
1005111043
1005234551
1005475679
1006353347
1006562611
1006981480
1007845998
1007884191
1008760933
1008915076
1009363273
1010491596
1011483686
1011772486
1013868367
1014086312
1014619600
1015808895
1017077468
1017104421
1018186389
1019156637
1019417234
1019757253
1019993095
1020404536
1020581451
1020644317
1020724114
1021474278
1021482842
1021539830
1021665806
1021819954
1021897703
1022257238
1022885044
1023370604
1025145001
1027267099
1028667581
1028979317
1029342447
1029575418
1030209249
1030992286
1032174502
1032177614
1032232068
1032590338
1033121093
1033138123
1033381088
1034554241
1034623965
1035083333
1035901754
1036378832
1037409526
1037720853
1039671057
1039922084
1040382050
1040735448
1041414706
1042334729
1043171307
1044119798
1044391006
1044827431
1045986450
1046315381
1046438371
1046475484
1047778352
1047920300
1047924719
1048540557
1048632144
1049090092
1050692555
1051044025
1051579433
1051729791
1051919230
1052420909
1052902394
1053157254
1053867367
1054633450
1054733961
1055369078
1055407737
1055572277
1055782502
1056053190
1056115504
1056136088
1056439390
1057300855
1057565488
1058569620
1060379628
1060979222
1061191493
1061633167
1063170148
1063345146
1063845883
1065102656
1065172342
1066024678
1066141428
1066417329
1066468610
1066671764
1066969055
1067069522
1067236838
1067258889
1068242372
1068651112
1068690933
1068953139
1070219100
1070604412
1070981425
1071063790
1071184246
1071751902
1071998642
1072154761
1072470307
1072899241
1073438689
1073764393
1074540181
1075096564
1075191656
1076066430
1076872497
1076988463
1077092369
1077744930
1078415890
1079279851
1079603492
1080169228
1080407125
1080428338
1081285520
1081527532
1081853112
1081982254
1082013170
1082324820
1082825509
1082991049
1083066915
1083174262
1083239919
1083537787
1084087217
1084415472
1085159865
1085201352
1085244921
1085392861
1086190623
1087102976
1087270213
1087296117
1087481932
1088181774
1089171771
1089512711
1089635577
1089908331
1090911064
1091282835
1092953934
1093741931
1095553792
1095632597
1096280320
1096341976
1096433403
1096766837
1096817219
1097641124
1098522236
1099572563
1100074968
1100666833
1101262926
1101485250
1101656970
1101727547
1101978054
1102197368
1102658580
1103124881
1103511590
1104221802
1104733972
1105142792
1105304469
1105433295
1105471228
1106849755
1107274770
1107692930
1107968883
1108499192
1108687753
1108935958
1109123579
1109250983
1109928615
1110202534
1111360623
1111491613
1111622209
1112227014
1112304125
1112417554
1113101584
1113186628
1113261929
1116023504
1116632178
1116772385
1117548857
1117755367
1117857862
1119203786
1119279468
1120260286
1120700600
1120725461
1121420136
1121553636
1122425439
1122602238
1124334146
1125051893
1125233172
1125386748
1125876991
1126209421
1126563498
1126603057
1127156048
1127310342
1127566004
1128207906
1128366295
1128911466
1128962328
1129180880
1129221563
1129828595
1130175243
1130387276
1131719569
1133149992
1134465700
1134983131
1135484368
1135922399
1136415854
1136882182
1137251953
1137814359
1137967879
1138404458
1138705390
1138889376
1139730805
1139968066
1140187042
1140396373
1140404648
1140646894
1141389342
1142176851
1142233672
1142502794
1143315743
1143686966
1143837057
1144265895
1144295778
1144801144
1144996753
1145269765
1145475817
1145500188
1145513683
1145719904
1145827439
1145855515
1147117439
1147706574
1148502230
1148819797
1149806357
1150524907
1151554126
1151569551
1151774149
1151844796
1152634754
1153546315
1154863408
1155118116
1155169141
1155792193
1156081327
1156095554
1157284906
1157447424
1157909065
1157966188
1158178184
1159148286
1159376768
1159909332
1161442417
1161533071
1163374431
1163560753
1163744693
1164305314
1164347208
1165294230
1165326634
1165563905
1165918849
1166056977
1166417489
1167254457
1167378756
1168449931
1169091581
1169257065
1169574188
1169828460
1169974426
1170179312
1170758272
1170795224
1170956222
1171162933
1171610332
1171747470
1171761264
1171864958
1172276051
1172949843
1173350612
1174250683
1175533534
1176287988
1177326802
1177873272
1179423831
1180215293
1180766364
1181165266
1181906256
1182488427
1182523340
1182980190
1183156125
1183978617
1184131091
1184224396
1184293958
1184695972
1185078429
1186760599
1187273095
1188147198
1188248679
1188598882
1189029410
1189051382
1189235858
1189389961
1189780659
1189885103
1190636502
1190772435
1190920194
1190922259
1191029852
1191666998
1191714171
1191975772
1192938349
1193513663
1193531801
1193618098
1193920061
1193926222
1194242222
1194565582
1194928476
1194941847
1195033032
1195083562
1195490475
1196461334
1196680767
1197864529
1198278714
1198325364
1199537189
1199602930
1201533915
1201583898
1202324791
1202701377
1203091533
1203414558
1203553576
1203639531
1204932998
1205547362
1205583615
1205711645
1205839858
1206038131
1206420070
1206799808
1206962942
1209119576
1209140401
1209161314
1209228061
1209979586
1210698141
1210781685
1211682242
1211729563
1213091988
1213341155
1213990884
1215741125
1216189403
1217034656
1217256310
1217273492
1217815320
1218333179
1220431145
1222094409
1222153764
1222418020
1222444220
1222511699
1222785833
1223407919
1224042216
1226061442
1227006089
1228902721
1229124716
1229204500
1230083561
1230288302
1230501627
1230606859
1230761099
1230784690
1231572774
1231885329
1232320498
1233525679
1233745889
1234402656
1234557098
1234689298
1235808857
1235963272
1236060946
1236158192
1236705708
1236826761
1237492199
1237797490
1238940269
1240201447
1240319592
1240415302
1242181259
1242269978
1243567285
1243822034
1244366443
1245303200
1245892329
1245993135
1246393624
1247410821
1247682124
1247732869
1248679570
1248804188
1250973400
1251418742
1251424084
1251816618
1253937543
1254193150
1255030238
1255128438
1255694517
1256306411
1257760585
1258295196
1258939017
1259826289
1259874610
1260260788
1260310010
1261436060
1261494406
1261622104
1261624469
1263314487
1263341582
1263361295
1263825471
1264203976
1264732657
1264989835
1266156521
1266479574
1267176253
1267327324
1267778720
1268894594
1269538282
1269783438
1270144757
1270385585
1270455128
1270554643
1270666960
1271121568
1271190579
1271697831
1272370006
1272373681
1272522592
1272734770
1272845890
1273139537
1273886351
1274533912
1274786299
1275712289
1275735421
1275964766
1277220488
1277733243
1278492003
1278799811
1278926904
1279089615
1279686539
1279719556
1280055490
1281121680
1281488235
1282636415
1282925571
1283042554
1284678609
1284991897
1285722514
1286028633
1286570072
1286894555
1287620587
1288298977
1288321059
1288569779
1288862986
1288876596
1288971324
1289011512
1289382818
1289764969
1290123663
1290916506
1291258644
1292045578
1293069974
1293291972
1293542533
1294574547
1294849238
1294929138
1294966466
1295127206
1295469859
1295515729
1295777939
1296055672
1296292577
1296354116
1296449752
1300248847
1300524384
1301100099
1301287172
1301900730
1302300572
1303262008
1303807112
1303887010
1304305619
1305610102
1305840302
1306089800
1306592124
1306865489
1307346610
1307848195
1307898383
1307916840
1308214793
1308410691
1308598291
1309715908
1309716101
1310440461
1311403310
1313077716
1313550131
1314036535
1314765204
1314797700
1315294177
1316112659
1316112805
1316119889
1316422342
1317480213
1317662950
1317800084
1317857045
1317947237
1319621358
1323347945
1323750296
1323875748
1323898103
1323931311
1323945659
1324071295
1324971823
1326398037
1327580149
1327872305
1327924395
1327952323
1328090052
1329181220
1330203904
1330608584
1330680743
1330820981
1330930916
1331326547
1331735438
1332437407
1332536142
1332685777
1333800617
1335600404
1336073575
1336904692
1338206313
1338236438
1338522433
1338975121
1339990482
1341448937
1341582071
1341930299
1343344135
1343616507
1343726911
1343773529
1344007895
1344250756
1344267589
1344481547
1344815555
1345573722
1347005353
1347369467
1347378737
1347764394
1348100902
1349070627
1349090489
1350924828
1351641750
1354244027
1356085996
1356228042
1356384615
1356857258
1357412980
1358147523
1358417025
1358942115
1360419483
1360688831
1360798588
1361580151
1362108108
1362798629
1363056118
1363862949
1363942164
1364490790
1364562396
1365647887
1366395371
1367157375
1367729076
1367734175
1368900105
1370015095
1370921705
1371514748
1371797565
1372086796
1372352583
1372930080
1374015022
1374420189
1374629781
1375180302
1375597140
1376354251
1376421459
1376643486
1378871217
1379345206
1379818674
1379930356
1380732554
1380959371
1381498031
1381591738
1382122464
1382257636
1382346311
1382444522
1383149565
1383883032
1383902629
1384197474
1384214770
1384421262
1384431060
1384923079
1385591776
1387126998
1387812179
1388991200
1389954649
1390814856
1391345377
1391433567
1392437246
1393517117
1394074380
1395299806
1395410447
1395760045
1395949894
1395996590
1396269062
1396378169
1397114536
1397160202
1397857139
1399686284
1400818494
1400870282
1402220636
1404336009
1404995624
1405114615
1405357609
1405769983
1405796635
1406186563
1407258922
1407538437
1409151568
1409707760
1409753641
1410133364
1411827870
1412105174
1412207521
1412304850
1412590896
1412642028
1413419467
1413602622
1413760404
1413956458
1414108299
1414318146
1415937878
1416833958
1417258783
1417326247
1418015023
1418440056
1419946588
1420216370
1420322348
1422007319
1422444049
1423009697
1423677060
1424469871
1424629188
1425150260
1426590224
1426718026
1427222438
1427615293
1427936870
1428267256
1428547498
1429217014
1430189063
1430491628
1431282121
1431392675
1431971769
1432017018
1432626750
1433505721
1434542485
1435183654
1435467014
1435535314
1435634322
1436074638
1436298878
1436339821
1436461827
1437028327
1437949448
1438109716
1438300967
1438632592
1439215864
1439408316
1439700937
1439800590
1439917355
1441212920
1441815514
1442357200
1443435542
1444703465
1445055547
1445352486
1448399912
1448936244
1449086560
1449121604
1450189373
1450633669
1451016193
1451521414
1452002052
1452019242
1452424631
1452688057
1453440552
1453662679
1455280206
1455453239
1457201378
1457239033
1457339759
1457967918
1457997440
1458082094
1458968818
1459281506
1459795417
1460557628
1460657067
1460900871
1460950525
1461348290
1461528971
1462413354
1462480481
1463077213
1463533407
1463861965
1464137393
1464364654
1465044779
1465216493
1465664429
1465921959
1466554955
1466780941
1467852881
1469573680
1469674510
1470079619
1470079883
1470438093
1471776552
1472755555
1473740529
1474736922
1474861325
1476605100
1476644195
1477130650
1477274596
1477668316
1478654912
1480022283
1480530666
1481044729
1481297346
1481928588
1482595425
1482808058
1483452955
1483713407
1483937424
1485061631
1486118309
1486389410
1486763697
1487220758
1488079558
1489094711
1489277920
1489534700
1489980563
1490665733
1491824060
1492019189
1492672275
1492996461
1494222383
1494393901
1494475489
1494897661
1495664614
1496135496
1496696933
1497111593
1497391379
1497445931
1497703199
1497857703
1498531344
1499783689
1499785758
1500183031
1501085812
1501111654
1501229526
1502522480
1502729876
1504649653
1505043649
1505444932
1505630168
1506958146
1507146471
1507160355
1508399976
1508458728
1508887969
1509319606
1510668246
1510669245
1510751416
1511860701
1512056341
1512150804
1512695271
1513338781
1513607305
1513884391
1514392113
1514953781
1515071643
1515137212
1515172077
1515616595
1516679889
1517200728
1517572543
1518274522
1519230469
1519690936
1519737290
1520505739
1520579391
1520731858
1520856284
1521305895
1521403483
1521790063
1521943772
1522336129
1522816430
1523814137
1523914382
1524718496
1525351080
1525491017
1525668254
1526234508
1526848862
1528183085
1528319896
1528712204
1529004847
1529221981
1529609862
1530298822
1530432220
1530904540
1531268326
1531499543
1532543264
1532808191
1533798493
1534090358
1534301188
1534438939
1534780074
1535845834
1536679429
1536787643
1537109290
1540558946
1541345704
1542592564
1543786551
1543860535
1544322167
1544967931
1545093918
1545277780
1545293280
1545343825
1547189362
1547292582
1547717862
1549239840
1549912364
1550384039
1550697502
1552839669
1553396650
1553821427
1554537513
1554778783
1554941207
1555013894
1555383198
1555924911
1556635243
1557515722
1557852408
1558818797
1560884098
1560973668
1561115999
1562239745
1562452082
1562538113
1563343331
1563603740
1563817893
1563843000
1564038339
1564389930
1564925087
1566947290
1567745452
1568315724
1568621153
1569065156
1569204284
1569670830
1570819431
1571093209
1571446613
1572141484
1572360481
1574880846
1575132715
1575331631
1575825614
1576598861
1578197571
1578572353
1579432459
1579908124
1580410674
1581542748
1581606212
1582579030
1583201365
1583951779
1584024616
1585455290
1585621912
1585966690
1586131884
1587437496
1587492145
1587881923
1588371879
1589561772
1589752095
1589794953
1590026598
1590229791
1590521676
1590660497
1590720674
1591478924
1591722674
1593161720
1593166006
1593756175
1594198028
1595363594
1595485115
1596034940
1596075415
1596510455
1596628913
1596742719
1596932973
1597332635
1598124902
1598311612
1598833702
1598841981
1600033427
1602339109
1602670075
1604526552
1604641800
1605278851
1605914374
1606033726
1606257244
1606754328
1607408815
1607920917
1608173304
1608255520
1608513867
1609429098
1610326222
1610335266
1610377231
1611339613
1611683809
1611747902
1611941188
1613236056
1613302967
1613513577
1613516670
1614669593
1614710506
1614873460
1615062597
1615684056
1616107061
1616150731
1616151268
1616597494
1617064913
1617096367
1617210073
1617535431
1618599021
1618686747
1618690391
1619072292
1619898161
1621382209
1621540139
1621644793
1622982354
1623483115
1623690192
1624006333
1624245293
1624691750
1625286819
1625629324
1625715514
1626212859
1626485624
1627181508
1627244099
1627387733
1628284318
1629424808
1629652205
1629695162
1630035461
1630066971
1630519622
1630746140
1631987500
1632182832
1632372290
1633085798
1633610212
1634773259
1634819487
1634826524
1634968927
1635002245
1635069754
1635322838
1635640310
1635792651
1638915252
1639258109
1639561015
1639608217
1640269810
1640646933
1640719492
1640779003
1641302059
1641666976
1641866405
1643361307
1643656675
1645782595
1646554554
1647926350
1647993365
1649398594
1649456061
1649792513
1651117992
1651461841
1651672163
1652387929
1654489481
1655415857
1655774046
1655964252
1656150562
1656198614
1657546512
1658147457
1658296930
1658914721
1659066463
1659656362
1662252408
1662253448
1662360446
1662613587
1663148585
1664337275
1665480571
1665575739
1666423085
1666614303
1666786718
1667057694
1667462246
1667514970
1668037963
1669020060
1669269808
1670539830
1671100615
1671515023
1671739901
1672164570
1672263367
1672267240
1672678499
1673701860
1674506435
1674674267
1675302494
1676791345
1679894378
1681203191
1681602225
1681759174
1681887729
1683124703
1683556300
1684395726
1685034050
1685245212
1685766407
1686334877
1686764722
1686780686
1687126456
1687500578
1688102144
1688420716
1688929823
1690534137
1690683638
1691096411
1691484152
1691917489
1692079504
1692225681
1692328401
1692551319
1692923075
1693971852
1694809934
1695291450
1695709171
1695729530
1695767330
1695978364
1696047108
1697414586
1697450091
1698560354
1699456601
1700574577
1701083306
1701113816
1701284930
1701673415
1703270723
1703703910
1704187134
1704233770
1704399513
1705395978
1705594485
1706047547
1706421191
1707041494
1707319422
1707336071
1707391282
1707668947
1709133120
1709181795
1709283512
1710375156
1710408923
1710841174
1711337339
1712182087
1712215738
1712320393
1712346761
1712763990
1713859554
1714463278
1714846538
1714966291
1715087689
1715998455
1716314410
1716594993
1717183814
1717381880
1717395782
1717428758
1717691425
1718041263
1718878890
1719773692
1720290570
1720412642
1720638725
1721341429
1722187834
1722398688
1722443962
1722579203
1722964198
1723042367
1723534119
1723681861
1724071260
1724121833
1724192449
1724299228
1724906235
1725811361
1727776332
1728706310
1728831335
1729008627
1729448517
1729927002
1730225979
1731080732
1731106631
1731150233
1731343051
1731501755
1731667406
1733536616
1733637976
1733694448
1734303579
1735486636
1735500143
1735682300
1735934593
1736018661
1736230063
1738474861
1739143595
1739835410
1740453031
1741344921
1742211221
1742619907
1743465883
1743777789
1743839966
1744396390
1744422636
1744746178
1745786244
1746267715
1747248878
1747677578
1747790797
1748022287
1748083188
1748307159
1750080527
1750375688
1751744489
1752113677
1752476807
1752915953
1752997583
1753089071
1753236058
1753316833
1753658428
1753767346
1755462679
1755805429
1756409814
1756549096
1756686297
1757527150
1758232129
1758840978
1758841278
1759084278
1759254960
1759349324
1759451912
1759506477
1759649623
1759661952
1759698022
1760056908
1760145462
1760273510
1760342867
1760351600
1760545650
1760821184
1762176351
1762389815
1762891315
1762895031
1763477117
1764060685
1764130632
1764253288
1764437797
1766886925
1767362621
1767418617
1767749162
1767815987
1767962630
1768721301
1769383762
1771188191
1771208407
1771338595
1772623215
1773153584
1773260168
1775022689
1776051970
1776223859
1777187093
1777619757
1779535655
1780689179
1781104986
1781201426
1781669690
1783002660
1784551150
1784873906
1785283014
1786415630
1786724647
1786885217
1787758642
1788989899
1789249419
1789584600
1790780612
1792378100
1793093646
1793251079
1794923578
1795756400
1796571977
1797886654
1798592690
1799428288
1799883370
1800191854
1800786798
1801626790
1802030390
1802754114
1802894431
1805131858
1805308259
1805935879
1807084376
1807660815
1808234525
1808464248
1808885009
1809162099
1809899026
1810019588
1810418814
1810581926
1810864187
1811294468
1811810173
1813568087
1813800217
1814604526
1814976780
1815492916
1815519260
1815739626
1816755066
1817512251
1817803236
1817812786
1818713334
1819140920
1820449857
1820967375
1821083941
1821798937
1822576162
1824058572
1825020147
1825390124
1826017503
1826188506
1826258245
1826739255
1827005984
1827939057
1828297319
1828573631
1828946711
1829147701
1829622011
1829934934
1831575815
1832036155
1833462002
1833784038
1834168807
1835169523
1836111010
1837214838
1837720207
1839184349
1839503435
1840045795
1841924457
1842383283
1842535678
1843027332
1843594029
1844709507
1844998854
1845284693
1846068618
1846110333
1847097515
1847151997
1847360120
1848675512
1849121174
1849191389
1849348305
1850210732
1850620207
1850771679
1852077936
1853268299
1853846939
1853983530
1855439428
1856118602
1857138649
1857459207
1858031896
1859458372
1860317812
1860494897
1861688774
1862454997
1863415275
1864174651
1864778263
1864928754
1865492301
1868160675
1868737193
1868827206
1869078511
1870014540
1870261732
1871359055
1871500922
1872121916
1872125930
1872138441
1872323530
1872671950
1873013902
1873471204
1875214305
1875280032
1876091449
1876175699
1876755756
1877759570
1878358257
1878838862
1880160378
1880304058
1880942162
1882189182
1882487012
1882528832
1882701473
1883274969
1883478283
1885349509
1885606956
1886179727
1886424586
1887476136
1888223212
1888233076
1888388435
1888497164
1888507692
1888714195
1889510970
1889537529
1889716901
1889845448
1890552313
1890919717
1891925899
1892443996
1892909093
1893531832
1893734237
1893819529
1893828336
1895041864
1895841000
1895943161
1896069607
1896157290
1896244354
1896618949
1897300819
1898819674
1899384635
1899963468
1900134794
1900449168
1903030451
1903060863
1904073118
1904971854
1906029320
1906304815
1908162392
1908396206
1908850244
1909946470
1910080255
1911151110
1911300577
1911848377
1912392700
1912830663
1913116666
1913223957
1913254548
1913654600
1914376520
1914431498
1914982872
1915271182
1916094332
1916691947
1916794207
1916865546
1916916909
1917508029
1918010433
1920229263
1920384291
1920388954
1921295386
1922300062
1922418605
1922551656
1923390190
1923635938
1923755793
1924632713
1924722032
1924792549
1925651589
1926666880
1926668108
1927081385
1927154570
1927407724
1929490629
1929791298
1930741402
1930928001
1931699983
1931961317
1932090931
1932150874
1932425451
1932438955
1932691913
1932781400
1933188858
1934933725
1935521270
1936033288
1936108871
1936962292
1937209967
1937807384
1938075628
1938401517
1939673350
1939810143
1940211687
1941041251
1941078557
1941489533
1941999447
1942013113
1942233305
1942852466
1942979207
1944787531
1945233998
1945242514
1945446574
1946666833
1946767241
1947156417
1948338508
1948737646
1949034832
1949098868
1949530003
1949893258
1950084096
1950115835
1950225187
1950300007
1950967631
1951091691
1951714514
1952375300
1953355403
1953411409
1954028398
1954152668
1956209879
1956389044
1956430168
1956504741
1956713933
1956798967
1957320142
1957615492
1957647599
1958420312
1958519771
1958759491
1961350769
1962709560
1963045902
1963699257
1963858459
1965563324
1966949405
1966987013
1967236559
1967426693
1967669079
1970339629
1970478701
1970488371
1970656663
1971202413
1972146430
1972223250
1972573418
1973036097
1973905632
1974583427
1974787603
1975391455
1975624819
1975637397
1975740684
1975966658
1976418998
1976478843
1976676723
1976897285
1976919080
1977097224
1977262503
1978055987
1978603898
1978635295
1979112476
1979447200
1979603475
1980463772
1980603071
1981451476
1982080253
1982657817
1982661788
1983058263
1984715909
1985757558
1986874779
1987634463
1988968983
1988976085
1989461826
1989487804
1990954642
1990978316
1991167345
1991309371
1992002734
1992542905
1992600943
1993304827
1994040310
1995100918
1995862811
1996913237
1997090968
1997184149
1997666543
1997773962
1998358679
1998558994
1998624181
1998673025
1998810679
1999112388
1999131258
1999391128
2000929431
2001003859
2002100412
2002187945
2002674896
2002685898
2003497706
2004535530
2004611968
2004850539
2004868332
2006211951
2006212024
2006939991
2009679611
2009984959
2010124137
2010167827
2011074241
2012057647
2012368354
2013401228
2014550436
2014628829
2015110586
2016067813
2016605302
2017507783
2018128246
2018368431
2019387413
2020389736
2021090891
2021506722
2021598994
2021601678
2022372443
2024329834
2025265933
2025497082
2025845437
2026004894
2026550795
2027919595
2028250733
2028268071
2028459321
2028797399
2029251863
2030056562
2030205433
2030687374
2030714177
2031094892
2031348338
2031433523
2033669964
2034158977
2034724620
2035480741
2035624878
2036063403
2036188770
2036227613
2036277926
2036701722
2037360887
2037453825
2037845062
2037995958
2041018787
2041763280
2042806791
2043561819
2043586848
2043589781
2043660292
2043881419
2044583101
2045146129
2045387606
2045803086
2047335334
2047366478
2047429440
2048174949
2048259176
2048263230
2048815027
2049997841
2050031580
2050086740
2050098270
2050121868
2050925504
2053147522
2053603861
2056007763
2056389876
2056650244
2057851329
2058135084
2058845018
2061990391
2062006769
2062529033
2062799588
2063720205
2064192822
2064348234
2064477638
2065121146
2065583889
2065962875
2066362918
2067756414
2067912786
2067925767
2068145983
2068239002
2069841275
2069913257
2070090658
2071348522
2072181364
2072186203
2072254577
2072470032
2072564657
2072662985
2073934184
2073991262
2075189783
2075757265
2075818023
2075842002
2076039355
2077983642
2078816362
2079186486
2080079953
2080218499
2080747480
2080752366
2080964739
2081024988
2082007203
2082088516
2082444772
2083179156
2083996088
2084451040
2084897297
2085213441
2085402634
2085608566
2085960080
2087368825
2088187839
2088274413
2089940694
2091491671
2092210941
2092255512
2092886425
2092977243
2093291732
2093296285
2094280542
2094522040
2095848924
2095924730
2098066984
2098188674
2098544676
2098798575
2099706430
2100034197
2100559894
2100719763
2101828024
2102397800
2102558605
2102935789
2103617413
2103672759
2104487220
2105201862
2105404298
2105669739
2106429279
2106505423
2107908857
2108591042
2109131170
2109341114
2110159023
2110498705
2111250993
2111837740
2111909026
2113331000
2114040771
2114735755
2114953876
2115294761
2116066318
2116094658
2116803481
2117594393
2118083958
2118866399
2119433729
2119662735
2120016220
2120122199
2120416277
2121709712
2122258950
2123167654
2123317014
2124219702
2124649735
2124950186
2127809306
2127949591
2128860187
2128926161
2129723856
2129988708
2129995987
2130150987
2133020325
2133167183
2134924520
2136418846
2137471011
2137472749
2137640481
2138050207
2139103215
2139507361
2139838900
2140618971
2143016726
2143087616
2144175966
2146081289
2146771369
