TACC: Starting up job 6050088
TACC: Setting up parallel environment for MVAPICH2+mpispawn.
TACC: Starting parallel tasks...
Duration: 0.082793 seconds
Index	x	y	mass	fx	fy
0	44.115437	93.755310	0.100000	17.125000	1.229492(--err)
0	44.115437	93.755310	0.100000	16555.185547	-14120.248047
1	63.315315	70.023331	0.100000	669.613281	-363.906250(--err)
1	63.315315	70.023331	0.100000	-30399.318359	7967.827637
2	21.399086	55.171185	0.100000	-2.048340	2.335449(--err)
2	21.399086	55.171185	0.100000	3244.172607	7084.015625
3	98.474579	20.266085	0.100000	-64.000000	32.000000(--err)
3	98.474579	20.266085	0.100000	904111360.000000	463782464.000000
4	83.593979	75.786072	0.100000	2694445.000000	-627004.187500(--err)
4	83.593979	75.786072	0.100000	-2696997.750000	621389.000000
5	82.073738	76.139717	0.100000	-2694235.750000	626664.187500(--err)
5	82.073738	76.139717	0.100000	2702357.250000	-650550.625000
6	78.239372	69.018784	0.100000	0.000000	0.000000(--err)
6	78.239372	69.018784	0.100000	2499043917824.000000	24534436544512.000000
7	94.176659	59.966480	0.100000	-2.656250	1.476562(--err)
7	94.176659	59.966480	0.100000	40408.375000	17213.031250
8	57.262260	29.701540	0.100000	10375.015625	4381.289062(--err)
8	57.262260	29.701540	0.100000	-178002.703125	-92047.132812
9	62.241657	72.048607	0.100000	68.615234	-54.265625(--err)
9	62.241657	72.048607	0.100000	-16711.949219	34255.273438
10	18.078686	90.257660	0.100000	110.468750	269.718750(--err)
10	18.078686	90.257660	0.100000	341049.625000	-443312.343750
11	6.541832	30.896309	0.100000	-362.583984	54.890625(--err)
11	6.541832	30.896309	0.100000	8804.867188	27168.250000
12	93.120499	40.674000	0.100000	0.000000	0.000000(--err)
12	93.120499	40.674000	0.100000	79051939840.000000	-209493688320.000000
13	42.555744	95.078865	0.100000	0.000000	0.000000(--err)
13	42.555744	95.078865	0.100000	-7782706176.000000	5314167296.000000
14	88.304291	77.515610	0.100000	0.000000	0.000000(--err)
14	88.304291	77.515610	0.100000	9587039232.000000	37804838912.000000
15	19.916607	32.419731	0.100000	27660.791016	-17614.166016(--err)
15	19.916607	32.419731	0.100000	-27509.730469	17045.289062
16	71.270927	83.231926	0.100000	3.531738	34.303711(--err)
16	71.270927	83.231926	0.100000	7425.603027	7731.317383
17	2.443059	92.670013	0.100000	-6.876953	131.644775(--err)
17	2.443059	92.670013	0.100000	1300.548096	-570.133301
18	38.403111	0.917642	0.100000	0.000000	-16.000000(--err)
18	38.403111	0.917642	0.100000	85372392.000000	68957712.000000
19	12.936094	21.997087	0.100000	14.529297	-15.730469(--err)
19	12.936094	21.997087	0.100000	-22245.224609	9790.519531
20	76.703712	95.009827	0.100000	-252.500000	-356.250000(--err)
20	76.703712	95.009827	0.100000	-2160424.750000	-2411611.000000
21	98.136810	54.943085	0.100000	-0.690918	-1.636719(--err)
21	98.136810	54.943085	0.100000	-6434.281738	-18590.628906
22	64.028618	92.313461	0.100000	-39110143996067840.000000	-17299693402849280.000000(--err)
22	64.028618	92.313461	0.100000	39110139701100544.000000	17299698771558400.000000
23	14.909565	21.290876	0.100000	30.093750	-50.312500(--err)
23	14.909565	21.290876	0.100000	506197.718750	-584605.562500
24	22.015003	77.151222	0.100000	-2.299316	-20.375122(--err)
24	22.015003	77.151222	0.100000	8068.421387	-1953.243652
25	93.339478	40.093689	0.100000	0.000000	16384.000000(--err)
25	93.339478	40.093689	0.100000	-79051939840.000000	209493704704.000000
26	67.408875	99.881310	0.100000	0.000000	0.000000(--err)
26	67.408875	99.881310	0.100000	36064081215488.000000	-8300883607552.000000
27	70.990005	60.529381	0.100000	2048.000000	2048.000000(--err)
27	70.990005	60.529381	0.100000	-33947400192.000000	-29919965184.000000
28	40.555313	13.545743	0.100000	-7.119019	14.741989(--err)
28	40.555313	13.545743	0.100000	1191.396851	205.496292
29	55.608238	28.859606	0.100000	490.500000	301.148438(--err)
29	55.608238	28.859606	0.100000	163842.390625	83283.882812
30	91.061356	75.524841	0.100000	-185.470703	-198.355469(--err)
30	91.061356	75.524841	0.100000	11044.984375	21049.619141
31	61.279331	62.332279	0.100000	-13680.824219	7723.339844(--err)
31	61.279331	62.332279	0.100000	-291.716980	17740.679688
32	58.756767	63.722397	0.100000	13838.974609	-7540.488281(--err)
32	58.756767	63.722397	0.100000	-39985.117188	-21682.064453
33	55.002289	97.159874	0.100000	16554.738281	10861.524414(--err)
33	55.002289	97.159874	0.100000	-16505.902344	-10733.193359
34	64.640038	67.938385	0.100000	13447.750000	-1298.500000(--err)
34	64.640038	67.938385	0.100000	1883570.625000	2533975.000000
35	19.156963	41.343750	0.100000	-58.625732	-48.291626(--err)
35	19.156963	41.343750	0.100000	-2735.986328	-1668.259277
36	62.948208	17.293768	0.100000	-16.779297	6.330566(--err)
36	62.948208	17.293768	0.100000	-19789.916016	6112.744629
37	96.286835	26.976830	0.100000	-8.266846	5.095703(--err)
37	96.286835	26.976830	0.100000	-1698.079224	-9950.346680
38	9.607231	11.196397	0.100000	33495.781250	7344.179688(--err)
38	9.607231	11.196397	0.100000	-184397.531250	79483.437500
39	48.267704	31.622236	0.100000	1536.000000	1024.000000(--err)
39	48.267704	31.622236	0.100000	-5714007552.000000	-2545539328.000000
40	88.347610	41.607185	0.100000	198.926270	-296.368164(--err)
40	88.347610	41.607185	0.100000	5232.257324	-9053.969727
41	71.715927	55.756496	0.100000	2.872437	2.907715(--err)
41	71.715927	55.756496	0.100000	-1765.563965	-2863.272217
42	41.488499	42.705929	0.100000	-3760.390137	3611.762695(--err)
42	41.488499	42.705929	0.100000	4285.045410	-2929.391846
43	16.285873	82.043808	0.100000	0.831543	-0.054688(--err)
43	16.285873	82.043808	0.100000	-5671.118164	23589.062500
44	56.251671	71.894112	0.100000	-119.562500	6.625000(--err)
44	56.251671	71.894112	0.100000	-494110.937500	994940.125000
45	10.903415	47.313026	0.100000	-22.970093	17.394531(--err)
45	10.903415	47.313026	0.100000	1206.883667	-15181.191406
46	47.418957	72.182755	0.100000	20111.996094	-5962.754883(--err)
46	47.418957	72.182755	0.100000	-40947.882812	21386.542969
47	9.645301	6.175722	0.100000	45738272.000000	107839504.000000(--err)
47	9.645301	6.175722	0.100000	-42196364.000000	-103341616.000000
48	35.905144	64.647591	0.100000	-531.732788	1716.582031(--err)
48	35.905144	64.647591	0.100000	-2007.747925	10377.572266
49	3.335598	0.545180	0.100000	55.199219	40.547852(--err)
49	3.335598	0.545180	0.100000	-56226.121094	9217.571289
50	32.585968	22.492561	0.100000	2.618652	-17.058350(--err)
50	32.585968	22.492561	0.100000	-7077.655273	-3351.269775
51	41.888927	95.534180	0.100000	0.000000	0.000000(--err)
51	41.888927	95.534180	0.100000	7782702080.000000	-5314173440.000000
52	39.786331	38.175758	0.100000	-136.410187	188.386902(--err)
52	39.786331	38.175758	0.100000	-332.215912	-697.120850
53	22.511009	49.393562	0.100000	2.338867	-3.767578(--err)
53	22.511009	49.393562	0.100000	11815.233398	-23758.468750
54	49.372158	70.778717	0.100000	-698835136.000000	-9249325056.000000(--err)
54	49.372158	70.778717	0.100000	698858816.000000	9249310720.000000
55	81.015793	37.719772	0.100000	-2043.976807	474.815918(--err)
55	81.015793	37.719772	0.100000	4061.629150	1347.058105
56	12.385900	52.731724	0.100000	-163.468750	39.207031(--err)
56	12.385900	52.731724	0.100000	28895.138672	-21431.468750
57	93.476265	53.874397	0.100000	0.000000	0.000000(--err)
57	93.476265	53.874397	0.100000	-713090121619996672.000000	-792421878428860416.000000
58	95.437653	9.762140	0.100000	-6.539062	7.468750(--err)
58	95.437653	9.762140	0.100000	-89274.703125	110148.742188
59	35.918205	51.689320	0.100000	29.473633	-86.662109(--err)
59	35.918205	51.689320	0.100000	15202.963867	1394.049316
60	81.656250	46.821621	0.100000	-76.927734	-65.061768(--err)
60	81.656250	46.821621	0.100000	-20778.603516	-2226.578857
61	99.002350	29.075205	0.100000	-6.388184	9.093994(--err)
61	99.002350	29.075205	0.100000	7461.498535	2769.896240
62	19.004370	8.647648	0.100000	-197.354004	-99.514648(--err)
62	19.004370	8.647648	0.100000	7069.386230	9949.939453
63	35.250931	54.909515	0.100000	2.466919	-9.593750(--err)
63	35.250931	54.909515	0.100000	1320.999023	8965.979492
64	73.295235	38.586529	0.100000	4352.000000	576.000000(--err)
64	73.295235	38.586529	0.100000	1440105728.000000	217185248.000000
65	55.454697	5.881208	0.100000	-0.777832	3.627930(--err)
65	55.454697	5.881208	0.100000	-779.817444	-8963.190430
66	61.079086	97.343620	0.100000	-1867.054688	577.328125(--err)
66	61.079086	97.343620	0.100000	38352.316406	109767.218750
67	1.415390	0.865416	0.100000	21.929688	11.472656(--err)
67	1.415390	0.865416	0.100000	56093.164062	-9492.998047
68	35.519382	23.926399	0.100000	160.328125	-5.050537(--err)
68	35.519382	23.926399	0.100000	6893.891602	3519.753174
69	50.258976	84.891541	0.100000	-90849.000000	15149.750000(--err)
69	50.258976	84.891541	0.100000	-7021915.500000	-2334176.000000
70	94.705116	31.274773	0.100000	-64.000000	128.000000(--err)
70	94.705116	31.274773	0.100000	-32773184.000000	-396893568.000000
71	22.611313	7.091014	0.100000	-101.469238	-40.847046(--err)
71	22.611313	7.091014	0.100000	3325.385254	-2039.949097
72	84.006500	16.087580	0.100000	544.000000	0.000000(--err)
72	84.006500	16.087580	0.100000	267241840.000000	2065234944.000000
73	60.965412	79.444153	0.100000	-1015.358643	706.567627(--err)
73	60.965412	79.444153	0.100000	-1812.666260	-4480.505859
74	25.849720	96.883621	0.100000	-254.485245	-78.524902(--err)
74	25.849720	96.883621	0.100000	-20.175644	2256.443604
75	31.133472	7.505971	0.100000	-282.753906	1083.447266(--err)
75	31.133472	7.505971	0.100000	22653.402344	22237.509766
76	43.705238	30.135818	0.100000	7.089111	-210.681946(--err)
76	43.705238	30.135818	0.100000	-3454.702148	-577.010315
77	36.581177	62.709606	0.100000	-48.187500	175.000000(--err)
77	36.581177	62.709606	0.100000	-461383.593750	-1390486.000000
78	38.783470	71.832100	0.100000	-407.999023	-328.747803(--err)
78	38.783470	71.832100	0.100000	-1389.545166	-2445.375488
79	17.619123	12.078706	0.100000	9019.281250	23245.804688(--err)
79	17.619123	12.078706	0.100000	382488.781250	46493.804688
80	10.418631	73.073814	0.100000	43.439575	-30.961914(--err)
80	10.418631	73.073814	0.100000	1476.216309	-3602.820801
81	17.959913	71.497719	0.100000	1162.532715	-1390.005859(--err)
81	17.959913	71.497719	0.100000	4994.184570	23125.285156
82	70.417442	19.375303	0.100000	205.685059	49.748779(--err)
82	70.417442	19.375303	0.100000	-522.806702	-3747.376709
83	72.363129	5.936824	0.100000	39.183594	37.718750(--err)
83	72.363129	5.936824	0.100000	-46893.449219	-48688.914062
84	43.301701	22.622110	0.100000	65536.000000	-65536.000000(--err)
84	43.301701	22.622110	0.100000	-223479889920.000000	223810224128.000000
85	90.828362	38.006817	0.100000	-50789468.000000	85290488.000000(--err)
85	90.828362	38.006817	0.100000	50773072.000000	-85299464.000000
86	53.896881	13.439677	0.100000	-91.328125	454.937500(--err)
86	53.896881	13.439677	0.100000	-81058.687500	436911.531250
87	45.097832	37.903381	0.100000	29.673828	-16.580078(--err)
87	45.097832	37.903381	0.100000	-22298.386719	25050.052734
88	29.527260	6.063243	0.100000	12.273438	284.429688(--err)
88	29.527260	6.063243	0.100000	-55766.226562	-89024.101562
89	17.347530	55.376976	0.100000	-10.889648	6.359375(--err)
89	17.347530	55.376976	0.100000	13077.229492	-44241.617188
90	2.946861	48.481003	0.100000	-60.207031	1140.166260(--err)
90	2.946861	48.481003	0.100000	11061.667969	3599.222412
91	62.882950	46.652100	0.100000	-26.437500	-62.750000(--err)
91	62.882950	46.652100	0.100000	-1031968.625000	-1997004.625000
92	78.616821	99.464127	0.100000	2338.914062	-1116.562500(--err)
92	78.616821	99.464127	0.100000	75853.898438	81669.281250
93	9.361708	17.400291	0.100000	83.464844	-173.577148(--err)
93	9.361708	17.400291	0.100000	-47662.519531	5670.431641
94	71.296234	26.980829	0.100000	27.061646	-30.592285(--err)
94	71.296234	26.980829	0.100000	1257.026855	3573.344482
95	29.478996	81.714859	0.100000	6.406387	24.213264(--err)
95	29.478996	81.714859	0.100000	-57.350262	61.273170
96	0.054647	47.438911	0.100000	89.982422	202.957031(--err)
96	0.054647	47.438911	0.100000	-12453.220703	24638.777344
97	53.212582	70.472084	0.100000	-2577.074219	763.523438(--err)
97	53.212582	70.472084	0.100000	-20243.884766	-38267.765625
98	66.814217	25.575716	0.100000	-15.509766	12.917969(--err)
98	66.814217	25.575716	0.100000	-16504.607422	29826.386719
99	76.408913	10.115915	0.100000	-163840.000000	-98304.000000(--err)
99	76.408913	10.115915	0.100000	-130193825792.000000	-317841670144.000000
100	48.197823	67.237274	0.100000	324.742188	1147.821167(--err)
100	48.197823	67.237274	0.100000	-14771.212891	115.434471
101	48.122734	2.094706	0.100000	-3.257812	4.235840(--err)
101	48.122734	2.094706	0.100000	-32897.140625	-4963.435547
102	80.676956	93.220558	0.100000	385.806152	663.632812(--err)
102	80.676956	93.220558	0.100000	-7462.039551	19487.482422
103	39.998089	10.204211	0.100000	-12.250977	4.706055(--err)
103	39.998089	10.204211	0.100000	-3724.122803	-7539.256836
104	99.283806	57.345615	0.100000	-0.475586	-0.234375(--err)
104	99.283806	57.345615	0.100000	11186.139648	20853.119141
105	65.581192	2.230668	0.100000	0.000000	0.000000(--err)
105	65.581192	2.230668	0.100000	-5372572160.000000	5493672448.000000
106	5.826619	28.464138	0.100000	-260.600586	174.826172(--err)
106	5.826619	28.464138	0.100000	-6585.081055	-27479.605469
107	48.882767	84.443443	0.100000	7966.500000	322.000000(--err)
107	48.882767	84.443443	0.100000	7126244.000000	2299436.000000
108	27.928267	58.244473	0.100000	-0.062500	4.000000(--err)
108	27.928267	58.244473	0.100000	-826639.812500	-2497301.500000
109	1.843732	99.224495	0.100000	-14908461770866688.000000	2040905913597952.000000(--err)
109	1.843732	99.224495	0.100000	14908461770866688.000000	-2040905913597952.000000
110	85.225304	31.322729	0.100000	-6776.105469	-25881.466797(--err)
110	85.225304	31.322729	0.100000	7008.855957	25978.755859
111	80.939362	85.279953	0.100000	111.963135	118.382812(--err)
111	80.939362	85.279953	0.100000	-1505.776611	3976.774902
112	78.761635	34.151943	0.100000	0.000000	0.000000(--err)
112	78.761635	34.151943	0.100000	903691894784.000000	-1697644806144.000000
113	55.752037	45.575851	0.100000	0.000000	0.000000(--err)
113	55.752037	45.575851	0.100000	74077814784.000000	5170728448.000000
114	59.727657	32.160950	0.100000	-5773809.500000	20391284.000000(--err)
114	59.727657	32.160950	0.100000	5778091.000000	-20387066.000000
115	55.691765	7.925478	0.100000	-2.199585	8.492188(--err)
115	55.691765	7.925478	0.100000	1295.718140	8403.540039
116	99.398224	3.814500	0.100000	-0.346069	0.377335(--err)
116	99.398224	3.814500	0.100000	90.151375	-128.630051
117	10.020185	80.075180	0.100000	-8.000000	-8.000000(--err)
117	10.020185	80.075180	0.100000	-97047264.000000	-77422696.000000
118	97.035065	50.018269	0.100000	32768.000000	0.000000(--err)
118	97.035065	50.018269	0.100000	323191701504.000000	-65764577280.000000
119	90.279388	96.318871	0.100000	-5098.000000	-21212.625000(--err)
119	90.279388	96.318871	0.100000	2181943.750000	1732609.625000
120	7.363886	55.860580	0.100000	-17385.873047	-24628.968750(--err)
120	7.363886	55.860580	0.100000	34552.480469	25844.835938
121	98.549538	13.190505	0.100000	18379666.000000	18819944.000000(--err)
121	98.549538	13.190505	0.100000	-18376684.000000	-18818938.000000
122	84.324715	47.432308	0.100000	-12.726562	-12.125977(--err)
122	84.324715	47.432308	0.100000	42457.605469	8573.679688
123	97.633949	12.252984	0.100000	-18379676.000000	-18819942.000000(--err)
123	97.633949	12.252984	0.100000	18393926.000000	18825868.000000
124	5.676781	99.477676	0.100000	-4527.562500	-368.953125(--err)
124	5.676781	99.477676	0.100000	-202634.953125	-61129.367188
125	11.477482	90.902084	0.100000	3.012695	13.544922(--err)
125	11.477482	90.902084	0.100000	12105.213867	-27332.257812
126	30.800407	92.416840	0.100000	8356.154297	-27896.863281(--err)
126	30.800407	92.416840	0.100000	6066.233398	34098.691406
127	76.182037	9.562046	0.100000	24576.000000	32768.000000(--err)
127	76.182037	9.562046	0.100000	130193981440.000000	317841735680.000000
128	26.568783	31.934074	0.100000	0.000000	0.000000(--err)
128	26.568783	31.934074	0.100000	223093964800.000000	-372887879680.000000
129	55.137897	86.296440	0.100000	-3300.968750	-2141.937500(--err)
129	55.137897	86.296440	0.100000	453377.281250	-481768.593750
130	64.095024	10.829665	0.100000	0.000000	0.000000(--err)
130	64.095024	10.829665	0.100000	-13417574400.000000	-78505136.000000
131	94.221916	63.493252	0.100000	-6.973633	5.394531(--err)
131	94.221916	63.493252	0.100000	-9333.032227	11543.743164
132	14.644164	4.242101	0.100000	53805613056.000000	38551793664.000000(--err)
132	14.644164	4.242101	0.100000	-53805608960.000000	-38551797760.000000
133	43.568428	11.679229	0.100000	2.734375	12.680908(--err)
133	43.568428	11.679229	0.100000	6606.192871	-1423.839111
134	54.260372	33.847816	0.100000	-26644.177734	1607.427490(--err)
134	54.260372	33.847816	0.100000	26167.875000	-488.341736
135	7.998100	61.624260	0.100000	1950.006592	1445.882324(--err)
135	7.998100	61.624260	0.100000	-1310.591064	-1402.135864
136	89.708397	6.547639	0.100000	-3.129883	7.080078(--err)
136	89.708397	6.547639	0.100000	8976.832031	9231.260742
137	74.814758	74.033112	0.100000	-6.375000	-10.500000(--err)
137	74.814758	74.033112	0.100000	623618.812500	631892.500000
138	53.979946	72.448708	0.100000	-1024.000000	-176.000000(--err)
138	53.979946	72.448708	0.100000	511134176.000000	137614672.000000
139	86.286095	59.656727	0.100000	-139.915894	90.688309(--err)
139	86.286095	59.656727	0.100000	-292.404663	-192.889023
140	71.926384	97.763573	0.100000	177.234222	-156.693436(--err)
140	71.926384	97.763573	0.100000	454.155548	-40.552860
141	50.558811	2.726794	0.100000	-0.048828	1.320312(--err)
141	50.558811	2.726794	0.100000	17509.111328	41088.792969
142	90.180420	26.740849	0.100000	-210.481079	71.669952(--err)
142	90.180420	26.740849	0.100000	-388.064331	-454.569305
143	12.288840	16.749203	0.100000	0.000000	-2048.000000(--err)
143	12.288840	16.749203	0.100000	-15672085504.000000	13844601856.000000
144	58.674927	67.426735	0.100000	12.000000	5.500000(--err)
144	58.674927	67.426735	0.100000	7118289.000000	-2447061.500000
145	3.045641	22.769949	0.100000	2.000000	15.000000(--err)
145	3.045641	22.769949	0.100000	-6590113.000000	-7778459.000000
146	78.256401	97.267555	0.100000	0.000000	0.000000(--err)
146	78.256401	97.267555	0.100000	-2339662725120.000000	235915493376.000000
147	86.263199	92.900566	0.100000	4107.500000	-4600.187500(--err)
147	86.263199	92.900566	0.100000	541569.875000	-298128.843750
148	1.509658	29.831623	0.100000	104743.796875	-435725.031250(--err)
148	1.509658	29.831623	0.100000	-106448.062500	436063.468750
149	4.579794	55.770027	0.100000	18200.763672	-25423.662109(--err)
149	4.579794	55.770027	0.100000	-37022.230469	24865.244141
150	63.679440	12.577894	0.100000	32.000000	0.000000(--err)
150	63.679440	12.577894	0.100000	-361449824.000000	187191824.000000
151	17.394287	53.387833	0.100000	-9.737427	3.384766(--err)
151	17.394287	53.387833	0.100000	-1962.280640	23694.636719
152	19.125534	92.209045	0.100000	0.000000	0.000000(--err)
152	19.125534	92.209045	0.100000	32217030723633152.000000	29275656730705920.000000
153	27.420944	73.105476	0.100000	-3.672119	-33.325439(--err)
153	27.420944	73.105476	0.100000	1132.812622	2602.731934
154	64.657761	13.707039	0.100000	-2.000000	2.500000(--err)
154	64.657761	13.707039	0.100000	-3241537.000000	-3728808.250000
155	32.762207	36.584145	0.100000	0.000000	0.000000(--err)
155	32.762207	36.584145	0.100000	-41087053824.000000	-63699111936.000000
156	11.470615	83.321014	0.100000	0.407471	-0.635803(--err)
156	11.470615	83.321014	0.100000	3136.732666	268.314514
157	39.310940	1.651034	0.100000	-8.000000	-16.000000(--err)
157	39.310940	1.651034	0.100000	-85361136.000000	-68972968.000000
158	10.061870	51.599777	0.100000	-925.078125	572.060547(--err)
158	10.061870	51.599777	0.100000	-33549.941406	21291.925781
159	18.400236	68.736794	0.100000	34577.101562	-5982.775391(--err)
159	18.400236	68.736794	0.100000	-11221.981445	17279.537109
160	19.026516	21.445877	0.100000	44.024902	-115.935059(--err)
160	19.026516	21.445877	0.100000	7186.830566	5361.400879
161	91.506744	97.282913	0.100000	-1092.750000	-2081.000000(--err)
161	91.506744	97.282913	0.100000	-2189350.000000	-1706205.000000
162	18.713436	77.769943	0.100000	2.351562	-12.406250(--err)
162	18.713436	77.769943	0.100000	-73650.656250	371246.812500
163	90.183487	20.223093	0.100000	-5003.593750	-10177.625000(--err)
163	90.183487	20.223093	0.100000	301418.000000	-1418410.500000
164	7.601567	94.763275	0.100000	2124096.500000	11223693.000000(--err)
164	7.601567	94.763275	0.100000	-2126537.750000	-11225052.000000
165	75.993118	71.281013	0.100000	-4.500000	-17.286438(--err)
165	75.993118	71.281013	0.100000	-12293.711914	883.083313
166	7.341173	93.387405	0.100000	-2124185.750000	-11223609.000000(--err)
166	7.341173	93.387405	0.100000	2109846.750000	11236951.000000
167	24.668842	26.466707	0.100000	-512.794983	828.502563(--err)
167	24.668842	26.466707	0.100000	6.393360	-2463.424805
168	85.596458	52.089787	0.100000	-1.250000	0.875000(--err)
168	85.596458	52.089787	0.100000	365430.781250	1175967.000000
169	99.572189	50.254215	0.100000	0.000000	0.000000(--err)
169	99.572189	50.254215	0.100000	378317701120.000000	-808061304832.000000
170	65.796822	32.334393	0.100000	-242.831146	-50.795319(--err)
170	65.796822	32.334393	0.100000	-197.955505	-211.924530
171	86.838356	77.267441	0.100000	10.500000	-217.062500(--err)
171	86.838356	77.267441	0.100000	5310697.000000	942785.187500
172	15.655412	26.149296	0.100000	62.563599	41.714043(--err)
172	15.655412	26.149296	0.100000	1329.127075	-2.293266
173	78.918472	25.717281	0.100000	-59.083984	-260.869141(--err)
173	78.918472	25.717281	0.100000	11471.815430	14529.984375
174	77.749077	97.318710	0.100000	0.000000	0.000000(--err)
174	77.749077	97.318710	0.100000	2339662725120.000000	-235915509760.000000
175	94.454071	96.775589	0.100000	-257.198242	-163.485596(--err)
175	94.454071	96.775589	0.100000	14863.945312	-1792.213257
176	18.764587	85.960815	0.100000	3.523865	12.168945(--err)
176	18.764587	85.960815	0.100000	-939.695679	-11343.970703
177	94.058517	37.478024	0.100000	-21652.623047	-3665.714844(--err)
177	94.058517	37.478024	0.100000	37090.570312	-24527.750000
178	63.730766	84.241997	0.100000	-128.000000	36.000000(--err)
178	63.730766	84.241997	0.100000	-40228248.000000	46694388.000000
179	57.701118	71.332329	0.100000	-26.500000	8.500000(--err)
179	57.701118	71.332329	0.100000	-2708256.000000	1046166.062500
180	79.005280	33.694241	0.100000	0.000000	0.000000(--err)
180	79.005280	33.694241	0.100000	-903691894784.000000	1697644806144.000000
181	42.613335	86.346451	0.100000	10.997681	-0.962891(--err)
181	42.613335	86.346451	0.100000	-142.448242	5718.716797
182	27.081648	67.282181	0.100000	-92.771484	32.037109(--err)
182	27.081648	67.282181	0.100000	-6502.447754	-15423.380859
183	12.813155	12.678106	0.100000	5369880.500000	5077394.500000(--err)
183	12.813155	12.678106	0.100000	-5383966.500000	-5080525.500000
184	19.371965	12.385341	0.100000	-12631.062500	33845.796875(--err)
184	19.371965	12.385341	0.100000	-364356.718750	-153332.625000
185	62.932323	85.168793	0.100000	-204.000000	68.000000(--err)
185	62.932323	85.168793	0.100000	40227812.000000	-46696528.000000
186	44.719734	49.770679	0.100000	-64.000000	-64.000000(--err)
186	44.719734	49.770679	0.100000	-364456000.000000	459696160.000000
187	62.436230	60.375149	0.100000	11.345703	16.428223(--err)
187	62.436230	60.375149	0.100000	-18320.746094	-5137.408691
188	75.919983	41.354706	0.100000	-968981.625000	-13904371.000000(--err)
188	75.919983	41.354706	0.100000	966310.437500	13901122.000000
189	86.092430	53.669052	0.100000	-4.031250	4.625000(--err)
189	86.092430	53.669052	0.100000	-365112.781250	-1161308.125000
190	38.673412	80.546501	0.100000	-0.413574	0.027344(--err)
190	38.673412	80.546501	0.100000	-6642.636230	27921.015625
191	50.444649	57.438004	0.100000	0.000000	0.000000(--err)
191	50.444649	57.438004	0.100000	-2516745472.000000	-2338579456.000000
192	66.507324	44.503162	0.100000	-16.551758	-25.805176(--err)
192	66.507324	44.503162	0.100000	8147.733398	-1692.775635
193	94.916031	30.238087	0.100000	-16.000000	64.000000(--err)
193	94.916031	30.238087	0.100000	-80335824.000000	358864928.000000
194	28.745157	52.617146	0.100000	4.000000	-8.000000(--err)
194	28.745157	52.617146	0.100000	4760818.000000	12388040.000000
195	1.570414	7.750432	0.100000	43.500755	-10.529907(--err)
195	1.570414	7.750432	0.100000	54.867760	-1035.991577
196	86.311378	44.183750	0.100000	0.000000	0.000000(--err)
196	86.311378	44.183750	0.100000	-25201542692864.000000	43504826843136.000000
197	94.096878	13.393032	0.100000	-93.740234	72.322266(--err)
197	94.096878	13.393032	0.100000	-8544.259766	27981.447266
198	11.465931	6.910036	0.100000	-10176.000000	-10368.000000(--err)
198	11.465931	6.910036	0.100000	-594547392.000000	281117344.000000
199	26.071136	30.837896	0.100000	-7360.000000	1920.000000(--err)
199	26.071136	30.837896	0.100000	643840512.000000	522771488.000000
200	19.295376	89.003464	0.100000	19.812500	120.031250(--err)
200	19.295376	89.003464	0.100000	-371176.968750	379911.218750
201	16.006685	64.015106	0.100000	-676.105469	91.325195(--err)
201	16.006685	64.015106	0.100000	-20107.511719	-16049.712891
202	38.774143	78.442917	0.100000	-0.500000	-6.125000(--err)
202	38.774143	78.442917	0.100000	1722800.125000	-1280819.750000
203	24.390257	14.694120	0.100000	-58981.925781	-889018.812500(--err)
203	24.390257	14.694120	0.100000	57630.441406	888074.687500
204	19.797619	10.482685	0.100000	-418.466675	1857.574219(--err)
204	19.797619	10.482685	0.100000	-963.533447	22698.085938
205	68.363174	58.471031	0.100000	0.625000	16.437500(--err)
205	68.363174	58.471031	0.100000	-1069743.875000	-854192.187500
206	91.029190	18.807823	0.100000	-22963.812500	-13959.250000(--err)
206	91.029190	18.807823	0.100000	-605986.375000	1118327.875000
207	15.909034	57.536514	0.100000	-32.772461	31.865234(--err)
207	15.909034	57.536514	0.100000	-13874.564453	23502.490234
208	63.310986	10.825060	0.100000	0.000000	8.000000(--err)
208	63.310986	10.825060	0.100000	13417611264.000000	79125840.000000
209	87.774597	92.056145	0.100000	17814.062500	14195.343750(--err)
209	87.774597	92.056145	0.100000	-559978.812500	288093.312500
210	63.442207	89.345016	0.100000	2029.679688	9245.459961(--err)
210	63.442207	89.345016	0.100000	-22718.343750	-11741.564453
211	99.806572	49.753590	0.100000	0.000000	0.000000(--err)
211	99.806572	49.753590	0.100000	-378317635584.000000	808061304832.000000
212	33.528763	93.903450	0.100000	-656.837891	-1273.130859(--err)
212	33.528763	93.903450	0.100000	16534.486328	5976.257812
213	63.146622	44.994694	0.100000	-121.250000	-186.750000(--err)
213	63.146622	44.994694	0.100000	-1744766.875000	1618857.750000
214	0.813490	89.217758	0.100000	1.427368	9.374023(--err)
214	0.813490	89.217758	0.100000	-1500.326904	-3080.777100
215	75.832596	20.108868	0.100000	-889974144.000000	-1704632064.000000(--err)
215	75.832596	20.108868	0.100000	889972608.000000	1704630656.000000
216	78.221222	91.839279	0.100000	-501.443848	-1.615234(--err)
216	78.221222	91.839279	0.100000	-7730.864746	-19274.158203
217	84.123978	16.995359	0.100000	880.000000	256.000000(--err)
217	84.123978	16.995359	0.100000	-265732960.000000	-2064534912.000000
218	70.282188	8.514235	0.100000	34.285156	12.798340(--err)
218	70.282188	8.514235	0.100000	-10828.009766	6982.637695
219	31.689480	90.079811	0.100000	502980905615228928.000000	219774129371348992.000000(--err)
219	31.689480	90.079811	0.100000	-502980905615228928.000000	-219774129371348992.000000
220	18.996920	0.052655	0.100000	-2608.837646	5696.091309(--err)
220	18.996920	0.052655	0.100000	2672.211426	-5975.023438
221	48.550842	10.026110	0.100000	6.638672	20.187988(--err)
221	48.550842	10.026110	0.100000	-9417.197266	-4646.981445
222	18.860479	64.459877	0.100000	645.066406	1441.944336(--err)
222	18.860479	64.459877	0.100000	24255.560547	-13207.953125
223	67.562622	82.171463	0.100000	-10.588867	12.975586(--err)
223	67.562622	82.171463	0.100000	-10042.806641	9376.428711
224	75.284935	55.337219	0.100000	-21.475586	-6.155701(--err)
224	75.284935	55.337219	0.100000	4246.919434	-669.266052
225	74.227600	38.727142	0.100000	20096.000000	336.000000(--err)
225	74.227600	38.727142	0.100000	-1440136448.000000	-217198096.000000
226	44.682236	74.034180	0.100000	387.389648	-200.490234(--err)
226	44.682236	74.034180	0.100000	5421.639160	16073.925781
227	88.480728	78.210999	0.100000	1024.000000	-4096.000000(--err)
227	88.480728	78.210999	0.100000	-9592353792.000000	-37805768704.000000
228	67.937630	51.627342	0.100000	32.065277	10.447601(--err)
228	67.937630	51.627342	0.100000	-170.834442	-494.294250
229	23.205692	68.751122	0.100000	-28603.277344	-4777.403320(--err)
229	23.205692	68.751122	0.100000	-4386.420898	-10194.698242
230	40.845104	99.038284	0.100000	1.892578	-2.500000(--err)
230	40.845104	99.038284	0.100000	-8084.541992	-405348.718750
231	88.859985	19.066324	0.100000	33582.562500	2085706.000000(--err)
231	88.859985	19.066324	0.100000	311506.093750	-1759667.750000
232	90.877556	72.983971	0.100000	-1881.512451	-855.216797(--err)
232	90.877556	72.983971	0.100000	508.007996	-27634.630859
233	36.061684	61.159752	0.100000	-9.593750	50.625000(--err)
233	36.061684	61.159752	0.100000	464099.406250	1378411.000000
234	81.498199	67.751160	0.100000	9.365234	-749.612061(--err)
234	81.498199	67.751160	0.100000	8737.679688	-2722.240234
235	51.239563	0.495120	0.100000	-0.077148	0.664062(--err)
235	51.239563	0.495120	0.100000	15066.151367	-36634.406250
236	67.803818	99.790405	0.100000	0.000000	0.000000(--err)
236	67.803818	99.790405	0.100000	-36064081215488.000000	8300883607552.000000
237	10.521230	86.664291	0.100000	0.945190	1.544434(--err)
237	10.521230	86.664291	0.100000	-1840.912109	3242.647217
238	64.250275	78.083847	0.100000	-38.694092	22.315918(--err)
238	64.250275	78.083847	0.100000	3601.971680	-2698.002197
239	68.835762	39.535217	0.100000	52.069946	12.276611(--err)
239	68.835762	39.535217	0.100000	-1968.163818	1632.044189
240	33.421074	43.063362	0.100000	-278170.125000	87496.179688(--err)
240	33.421074	43.063362	0.100000	270168.000000	-91399.812500
241	78.262352	78.103302	0.100000	2.441406	-1.598145(--err)
241	78.262352	78.103302	0.100000	-10200.641602	2078.348389
242	17.097540	66.743080	0.100000	2276.214844	999.358887(--err)
242	17.097540	66.743080	0.100000	-24906.134766	-6369.272949
243	56.314301	85.035172	0.100000	1288.562500	-8038.375000(--err)
243	56.314301	85.035172	0.100000	-448043.062500	497707.187500
244	18.370428	79.519997	0.100000	0.875000	-6.531250(--err)
244	18.370428	79.519997	0.100000	88611.210938	-384040.500000
245	53.786289	59.215534	0.100000	-0.284180	2.027344(--err)
245	53.786289	59.215534	0.100000	-9298.920898	38630.527344
246	78.558281	42.646278	0.100000	-28672.000000	0.000000(--err)
246	78.558281	42.646278	0.100000	22630873088.000000	15257565184.000000
247	78.281853	69.435837	0.100000	0.000000	0.000000(--err)
247	78.281853	69.435837	0.100000	-2499043917824.000000	-24534436544512.000000
248	15.630243	14.343537	0.100000	0.000000	0.000000(--err)
248	15.630243	14.343537	0.100000	-788451885538344960.000000	-58460298809442304.000000
249	30.595589	97.128448	0.100000	2.192871	-75.263672(--err)
249	30.595589	97.128448	0.100000	5532.105957	27609.626953
250	82.094696	81.835152	0.100000	11.597168	22.528320(--err)
250	82.094696	81.835152	0.100000	3328.328125	4162.087891
251	97.623566	49.898518	0.100000	0.000000	-4096.000000(--err)
251	97.623566	49.898518	0.100000	-323191734272.000000	65764597760.000000
252	81.625557	8.144794	0.100000	-466.328125	457.515625(--err)
252	81.625557	8.144794	0.100000	-168277.796875	85723.617188
253	36.562813	45.875832	0.100000	26024.255859	-11403.466797(--err)
253	36.562813	45.875832	0.100000	-8893.626953	38829.527344
254	86.228645	5.398571	0.100000	-378.476562	231.148438(--err)
254	86.228645	5.398571	0.100000	-35992.984375	34977.906250
255	85.411049	19.649717	0.100000	1888.116211	-1203.013672(--err)
255	85.411049	19.649717	0.100000	3202.759766	-25658.302734
256	48.461933	63.673401	0.100000	3.914551	39.959473(--err)
256	48.461933	63.673401	0.100000	4538.033203	-4529.361816
257	97.753021	65.559471	0.100000	-64.000000	128.000000(--err)
257	97.753021	65.559471	0.100000	999922880.000000	1404722176.000000
258	30.416479	54.067326	0.100000	8.000000	-10.500000(--err)
258	30.416479	54.067326	0.100000	-91170120.000000	6648898.000000
259	50.594646	48.786907	0.100000	-1.689880	-3.918579(--err)
259	50.594646	48.786907	0.100000	-932.920349	785.463257
260	33.587322	4.380934	0.100000	-18.291016	38.837891(--err)
260	33.587322	4.380934	0.100000	-10342.019531	28178.775391
261	8.002439	12.145599	0.100000	3331.328125	-497.625000(--err)
261	8.002439	12.145599	0.100000	139385.000000	-84912.875000
262	47.027214	86.284294	0.100000	405.990234	-129.367188(--err)
262	47.027214	86.284294	0.100000	-21371.193359	20045.564453
263	81.581436	62.657459	0.100000	34030292992.000000	-16638608384.000000(--err)
263	81.581436	62.657459	0.100000	-34030292992.000000	16638607360.000000
264	0.627831	12.177027	0.100000	74.409546	-4.136414(--err)
264	0.627831	12.177027	0.100000	-382.043091	965.627502
265	59.785904	82.722534	0.100000	-23619.880859	-6618.833496(--err)
265	59.785904	82.722534	0.100000	20278.119141	8493.278320
266	94.012177	57.409466	0.100000	-1.568359	0.648438(--err)
266	94.012177	57.409466	0.100000	26973.242188	-18009.101562
267	32.621048	75.637733	0.100000	18.911530	-67.221222(--err)
267	32.621048	75.637733	0.100000	-478.429962	89.884468
268	65.554253	69.183853	0.100000	23768.750000	-16991.250000(--err)
268	65.554253	69.183853	0.100000	-1868556.375000	-2554394.500000
269	21.513563	51.782906	0.100000	-0.404785	-0.699219(--err)
269	21.513563	51.782906	0.100000	-7047.728516	17925.097656
270	74.582428	6.924611	0.100000	280.000000	332.000000(--err)
270	74.582428	6.924611	0.100000	-39473424.000000	40320044.000000
271	71.432617	23.044363	0.100000	436.593750	-191.358902(--err)
271	71.432617	23.044363	0.100000	6000.503906	-247.353836
272	70.598015	69.185646	0.100000	-6685.093262	-3019.862305(--err)
272	70.598015	69.185646	0.100000	6533.445312	2903.715088
273	88.603836	1.014492	0.100000	-0.822754	1.347656(--err)
273	88.603836	1.014492	0.100000	7215.588379	-22618.437500
274	23.252970	39.198479	0.100000	41.095947	-81.838867(--err)
274	23.252970	39.198479	0.100000	-3162.332764	1927.404541
275	49.801399	56.840290	0.100000	0.000000	0.000000(--err)
275	49.801399	56.840290	0.100000	2516737536.000000	2338577664.000000
276	43.579411	57.803841	0.100000	166.388809	-95.969284(--err)
276	43.579411	57.803841	0.100000	-322.475403	-222.623337
277	68.985893	90.606621	0.100000	1131.378906	530.416260(--err)
277	68.985893	90.606621	0.100000	1216.693359	485.880341
278	44.088131	50.567329	0.100000	-32.000000	64.000000(--err)
278	44.088131	50.567329	0.100000	364487872.000000	-459713504.000000
279	53.264080	44.715961	0.100000	21.785156	-22.644531(--err)
279	53.264080	44.715961	0.100000	-30733.769531	-11980.418945
280	62.744354	13.049982	0.100000	96.000000	32.000000(--err)
280	62.744354	13.049982	0.100000	364681760.000000	-184063264.000000
281	27.438494	56.756531	0.100000	3549.875000	-5600.000000(--err)
281	27.438494	56.756531	0.100000	810730.812500	2514076.250000
282	70.459450	60.059540	0.100000	-2048.000000	2048.000000(--err)
282	70.459450	60.059540	0.100000	33372334080.000000	30600894464.000000
283	32.394264	36.013706	0.100000	0.000000	0.000000(--err)
283	32.394264	36.013706	0.100000	41087053824.000000	63699124224.000000
284	29.243397	53.907822	0.100000	-3560.000000	5597.945312(--err)
284	29.243397	53.907822	0.100000	86547752.000000	63048.664062
285	87.796608	3.825828	0.100000	-16.000000	0.000000(--err)
285	87.796608	3.825828	0.100000	232815504.000000	-2772316416.000000
286	60.832436	59.229233	0.100000	16.375000	6.375000(--err)
286	60.832436	59.229233	0.100000	1278841.375000	-1656818.125000
287	26.870192	31.430450	0.100000	0.000000	0.000000(--err)
287	26.870192	31.430450	0.100000	-223737790464.000000	372365131776.000000
288	28.414873	15.474026	0.100000	4177.750000	-12020.000000(--err)
288	28.414873	15.474026	0.100000	1033407.687500	1117373.125000
289	32.444942	51.667847	0.100000	14.931641	-29.299805(--err)
289	32.444942	51.667847	0.100000	-6926.438477	7539.311523
290	54.672504	82.246338	0.100000	21099.671875	1665.861328(--err)
290	54.672504	82.246338	0.100000	-25596.437500	-11381.261719
291	8.508134	98.251915	0.100000	-132.332031	19.019226(--err)
291	8.508134	98.251915	0.100000	12529.250977	740.989258
292	40.050179	77.494026	0.100000	1.750000	-7.812500(--err)
292	40.050179	77.494026	0.100000	-1307734.125000	1040735.937500
293	88.858543	84.138313	0.100000	-84.421875	152.428711(--err)
293	88.858543	84.138313	0.100000	-29143.789062	4963.038574
294	28.061352	42.122623	0.100000	8350.000000	-5098.000000(--err)
294	28.061352	42.122623	0.100000	27669456.000000	20566612.000000
295	28.854275	90.805702	0.100000	17825.277344	-5334.002930(--err)
295	28.854275	90.805702	0.100000	-54800.832031	-12247.704102
296	55.172604	56.292767	0.100000	0.000000	0.000000(--err)
296	55.172604	56.292767	0.100000	-3765981440.000000	3184924160.000000
297	47.562237	25.632053	0.100000	-3288.000000	-6080.000000(--err)
297	47.562237	25.632053	0.100000	-25131156.000000	-601250944.000000
298	16.352308	79.956505	0.100000	1.322266	-2.230469(--err)
298	16.352308	79.956505	0.100000	-16535.878906	-9879.904297
299	61.645760	45.595707	0.100000	-77.500000	-236.937500(--err)
299	61.645760	45.595707	0.100000	2769656.750000	380459.031250
300	33.864326	49.442368	0.100000	91.776855	-181.697266(--err)
300	33.864326	49.442368	0.100000	4469.909668	-28097.304688
301	49.421535	94.696762	0.100000	1964.461548	950.253418(--err)
301	49.421535	94.696762	0.100000	-525.101929	-7270.589355
302	8.671597	76.291725	0.100000	-14.729248	-11.018555(--err)
302	8.671597	76.291725	0.100000	-3846.483643	-9348.366211
303	26.127213	37.086468	0.100000	111.087891	-26.394287(--err)
303	26.127213	37.086468	0.100000	3206.430908	-2260.750000
304	91.765747	58.572155	0.100000	-4.984375	0.112305(--err)
304	91.765747	58.572155	0.100000	-44067.929688	-15180.537109
305	88.754311	46.438255	0.100000	4.000000	-13.000000(--err)
305	88.754311	46.438255	0.100000	-8214641.000000	5846461.000000
306	40.818493	97.262451	0.100000	19.787598	-8.906250(--err)
306	40.818493	97.262451	0.100000	-5576.617676	425540.750000
307	44.690170	80.868675	0.100000	33.825684	8.801514(--err)
307	44.690170	80.868675	0.100000	3770.444336	-2354.432861
308	74.756470	33.548714	0.100000	154.865234	345.516602(--err)
308	74.756470	33.548714	0.100000	-4564.649902	-301.353394
309	65.006981	2.817822	0.100000	0.000000	0.000000(--err)
309	65.006981	2.817822	0.100000	5372605440.000000	-5493693952.000000
310	75.671341	93.861259	0.100000	-3662.500000	-3616.250000(--err)
310	75.671341	93.861259	0.100000	2128399.250000	2378899.250000
311	93.623528	30.843943	0.100000	-56.000000	124.000000(--err)
311	93.623528	30.843943	0.100000	113104344.000000	38035852.000000
312	50.154030	41.185764	0.100000	21.879486	-65.820557(--err)
312	50.154030	41.185764	0.100000	-453.617645	-479.845825
313	56.475998	66.506340	0.100000	-14.218750	15.545898(--err)
313	56.475998	66.506340	0.100000	-39636.804688	-11628.346680
314	21.142262	18.121758	0.100000	2257.581543	-2673.016113(--err)
314	21.142262	18.121758	0.100000	-716.645996	1372.109375
315	12.102044	55.006588	0.100000	-234.202393	-12.171875(--err)
315	12.102044	55.006588	0.100000	-3777.087158	37661.410156
316	67.564125	61.523582	0.100000	2.750000	186.982422(--err)
316	67.564125	61.523582	0.100000	-44421.785156	26260.212891
317	49.703350	76.235725	0.100000	-43.371979	-962.337402(--err)
317	49.703350	76.235725	0.100000	465.254395	2686.908203
318	37.815304	75.830559	0.100000	-11.714844	-40.863281(--err)
318	37.815304	75.830559	0.100000	-24910.820312	-27977.191406
319	13.322191	29.581055	0.100000	34.689331	30.813843(--err)
319	13.322191	29.581055	0.100000	-1108.661621	1625.754517
320	34.402718	2.076503	0.100000	-4.658691	9.552734(--err)
320	34.402718	2.076503	0.100000	5015.748535	-32584.740234
321	76.019310	75.221214	0.100000	0.125000	-5.312500(--err)
321	76.019310	75.221214	0.100000	-631538.562500	-621490.625000
322	99.338951	20.709482	0.100000	64.000000	0.000000(--err)
322	99.338951	20.709482	0.100000	-904111104.000000	-463782464.000000
323	56.089886	74.095413	0.100000	-63.812500	7.531250(--err)
323	56.089886	74.095413	0.100000	-244359.421875	-258439.578125
324	54.258198	21.096870	0.100000	72896.000000	79248.000000(--err)
324	54.258198	21.096870	0.100000	-289413216.000000	227528480.000000
325	76.913239	29.929533	0.100000	46.042603	0.809814(--err)
325	76.913239	29.929533	0.100000	-1762.876099	-2011.660645
326	14.958132	70.536766	0.100000	145.421875	-112.997528(--err)
326	14.958132	70.536766	0.100000	-12353.064453	-351.037872
327	60.773479	65.112160	0.100000	57.832031	34.128906(--err)
327	60.773479	65.112160	0.100000	18631.703125	55462.062500
328	11.722531	17.249475	0.100000	0.000000	-1024.000000(--err)
328	11.722531	17.249475	0.100000	15672124416.000000	-13844600832.000000
329	31.618496	32.864796	0.100000	-30.061401	57.793945(--err)
329	31.618496	32.864796	0.100000	-1641.982666	-10553.136719
330	35.371231	43.720539	0.100000	9530935.000000	51078000.000000(--err)
330	35.371231	43.720539	0.100000	-9537476.000000	-51102660.000000
331	87.871384	2.935357	0.100000	0.000000	0.000000(--err)
331	87.871384	2.935357	0.100000	-232795296.000000	2772294144.000000
332	5.244120	37.574734	0.100000	18.384567	-50.014191(--err)
332	5.244120	37.574734	0.100000	-166.777237	-505.040985
333	79.171082	43.059425	0.100000	-8192.000000	-2048.000000(--err)
333	79.171082	43.059425	0.100000	-22630797312.000000	-15257609216.000000
334	13.405296	92.493271	0.100000	51.949219	24.931641(--err)
334	13.405296	92.493271	0.100000	22948.566406	18348.187500
335	72.640488	47.808014	0.100000	143.433487	-196.087036(--err)
335	72.640488	47.808014	0.100000	-321.777161	1264.847656
336	94.569771	48.659794	0.100000	4.962891	-18.410156(--err)
336	94.569771	48.659794	0.100000	-21926.730469	-14055.355469
337	23.029222	93.908722	0.100000	-6933.091797	4093.403564(--err)
337	23.029222	93.908722	0.100000	9232.448242	-3758.687256
338	69.369278	79.119110	0.100000	-3.812500	0.250000(--err)
338	69.369278	79.119110	0.100000	-337739.843750	1484460.875000
339	68.004135	23.627470	0.100000	16.253906	-3.072266(--err)
339	68.004135	23.627470	0.100000	12632.958008	-30001.666016
340	0.215980	44.917381	0.100000	12.027588	31.517578(--err)
340	0.215980	44.917381	0.100000	907.347412	-29561.994141
341	53.557003	15.174110	0.100000	-756.742188	3736.000000(--err)
341	53.557003	15.174110	0.100000	58019.210938	-489217.750000
342	15.454147	14.330481	0.100000	0.000000	0.000000(--err)
342	15.454147	14.330481	0.100000	788451885538344960.000000	58460298809442304.000000
343	80.286270	27.176678	0.100000	973.520508	340.930664(--err)
343	80.286270	27.176678	0.100000	-12080.291016	-13087.553711
344	31.579956	11.904766	0.100000	1760027.125000	-644733.750000(--err)
344	31.579956	11.904766	0.100000	-1759051.125000	645203.437500
345	60.041473	66.951187	0.100000	55.500000	5.750000(--err)
345	60.041473	66.951187	0.100000	-7077397.500000	2444622.500000
346	55.625309	47.912853	0.100000	8.950195	-18.937500(--err)
346	55.625309	47.912853	0.100000	-10920.540039	68305.710938
347	69.886551	60.869427	0.100000	0.000000	192.000000(--err)
347	69.886551	60.869427	0.100000	575147712.000000	-680907584.000000
348	85.487587	49.057625	0.100000	-4.166016	-4.978516(--err)
348	85.487587	49.057625	0.100000	-28896.980469	5744.495117
349	3.928853	98.892883	0.100000	163212.515625	-26434.445312(--err)
349	3.928853	98.892883	0.100000	60612.906250	92379.000000
350	41.550892	76.569336	0.100000	195.781250	-648.890625(--err)
350	41.550892	76.569336	0.100000	-389254.687500	242433.625000
351	46.700893	36.120667	0.100000	367.701172	-159.234375(--err)
351	46.700893	36.120667	0.100000	21835.283203	-23529.156250
352	25.229130	69.730118	0.100000	-867.990234	-274.376953(--err)
352	25.229130	69.730118	0.100000	24436.253906	23065.566406
353	30.029383	94.598404	0.100000	238.125000	-764.231445(--err)
353	30.029383	94.598404	0.100000	-21245.117188	13159.262695
354	48.849228	98.033524	0.100000	1148.745239	-409.833008(--err)
354	48.849228	98.033524	0.100000	-2105.467285	7010.666992
355	18.225874	49.065208	0.100000	-2.962891	-2.085449(--err)
355	18.225874	49.065208	0.100000	4403.580078	4824.849121
356	42.950905	71.782883	0.100000	-68.149414	625.824219(--err)
356	42.950905	71.782883	0.100000	-9612.665039	-14327.331055
357	64.239319	58.405052	0.100000	3.656250	9.487305(--err)
357	64.239319	58.405052	0.100000	47440.031250	15021.504883
358	86.113358	44.525589	0.100000	0.000000	0.000000(--err)
358	86.113358	44.525589	0.100000	25201542692864.000000	-43504826843136.000000
359	85.581734	17.693316	0.100000	7950.125000	-830.000000(--err)
359	85.581734	17.693316	0.100000	-1535533.875000	-673178.000000
360	56.430359	45.623199	0.100000	0.000000	0.000000(--err)
360	56.430359	45.623199	0.100000	-74077773824.000000	-5170784768.000000
361	84.644501	12.055662	0.100000	-5.823120	353.259644(--err)
361	84.644501	12.055662	0.100000	1044.156860	-2367.266602
362	93.536057	54.531052	0.100000	0.000000	0.000000(--err)
362	93.536057	54.531052	0.100000	-11903614976.000000	-116689428480.000000
363	72.925095	79.023643	0.100000	-1.329590	1.149780(--err)
363	72.925095	79.023643	0.100000	5969.271973	-906.979614
364	3.588671	76.853943	0.100000	-225.224609	-317.342468(--err)
364	3.588671	76.853943	0.100000	-654.452881	274.648254
365	77.916527	45.139565	0.100000	-7537.146484	-9176.730469(--err)
365	77.916527	45.139565	0.100000	-17124.568359	63490.230469
366	53.423279	24.617424	0.100000	-33475.148438	-14057.875000(--err)
366	53.423279	24.617424	0.100000	32408.156250	33613.675781
367	81.260231	78.652405	0.100000	9.838318	-7.357422(--err)
367	81.260231	78.652405	0.100000	-512.108826	20603.478516
368	94.347542	11.289612	0.100000	-21.804688	23.812500(--err)
368	94.347542	11.289612	0.100000	81219.671875	-145435.703125
369	73.250809	43.196766	0.100000	18452.195312	-2943.171387(--err)
369	73.250809	43.196766	0.100000	-25751.326172	9028.407227
370	9.323135	91.476685	0.100000	-1.371094	5.967285(--err)
370	9.323135	91.476685	0.100000	-20025.115234	-7879.789551
371	92.261978	52.274044	0.100000	-0.367188	-1.906250(--err)
371	92.261978	52.274044	0.100000	127567.898438	168315.531250
372	63.259560	56.501293	0.100000	2668.134766	672.253906(--err)
372	63.259560	56.501293	0.100000	-1466.144653	-41632.425781
373	10.679090	49.372925	0.100000	-108.913574	101.417969(--err)
373	10.679090	49.372925	0.100000	6394.598145	-24689.732422
374	1.026882	96.260818	0.100000	3513.403320	9709.988281(--err)
374	1.026882	96.260818	0.100000	-10152.173828	-19511.994141
375	67.066238	57.457237	0.100000	-2665.375000	-661.187500(--err)
375	67.066238	57.457237	0.100000	1052211.375000	804830.187500
376	41.884022	51.710743	0.100000	-35.068359	-76.400391(--err)
376	41.884022	51.710743	0.100000	-31672.210938	17358.121094
377	69.512901	35.420078	0.100000	28.007721	21.482544(--err)
377	69.512901	35.420078	0.100000	-257.274933	-1908.074585
378	6.241791	42.437988	0.100000	37.064072	-20.241516(--err)
378	6.241791	42.437988	0.100000	187.932205	407.295166
379	14.443723	9.830462	0.100000	-6535.407227	4360.331055(--err)
379	14.443723	9.830462	0.100000	9038.959961	-12681.889648
380	19.291933	92.360252	0.100000	0.000000	0.000000(--err)
380	19.291933	92.360252	0.100000	-32217030723633152.000000	-29275656730705920.000000
381	54.970024	72.715210	0.100000	-352.000000	-32.000000(--err)
381	54.970024	72.715210	0.100000	-507660320.000000	-139351200.000000
382	16.977674	36.230251	0.100000	-861.175659	344.145172(--err)
382	16.977674	36.230251	0.100000	127.521683	-11.541858
383	51.367615	11.325214	0.100000	10.752197	77.469238(--err)
383	51.367615	11.325214	0.100000	2743.283447	-1487.832520
384	47.519863	24.618429	0.100000	-16990.000000	-13184.000000(--err)
384	47.519863	24.618429	0.100000	25153206.000000	601270528.000000
385	54.521984	56.843002	0.100000	256.000000	0.000000(--err)
385	54.521984	56.843002	0.100000	3765995264.000000	-3184962304.000000
386	16.095112	46.783958	0.100000	-8.072266	-13.541016(--err)
386	16.095112	46.783958	0.100000	-6608.194824	-7709.199219
387	9.117040	79.354675	0.100000	-8.000000	-16.000000(--err)
387	9.117040	79.354675	0.100000	97046784.000000	77430296.000000
388	3.285252	19.796129	0.100000	3.556641	-0.089844(--err)
388	3.285252	19.796129	0.100000	25217.115234	-40186.964844
389	28.727596	4.312134	0.100000	1.187500	64.968750(--err)
389	28.727596	4.312134	0.100000	35286.007812	72180.960938
390	16.056950	95.793839	0.100000	1911.302612	-105.512939(--err)
390	16.056950	95.793839	0.100000	-2031.318848	3265.770264
391	61.769371	57.940971	0.100000	-62.375000	-5.250000(--err)
391	61.769371	57.940971	0.100000	-1254010.750000	1669639.875000
392	47.504578	31.282270	0.100000	512.000000	512.000000(--err)
392	47.504578	31.282270	0.100000	5714009088.000000	2545538048.000000
393	93.361053	53.746368	0.100000	0.000000	0.000000(--err)
393	93.361053	53.746368	0.100000	713090121619996672.000000	792422015867813888.000000
394	73.720261	7.804774	0.100000	344.000000	256.000000(--err)
394	73.720261	7.804774	0.100000	39508224.000000	-40302960.000000
395	63.576828	93.012199	0.100000	-1993348096.000000	1841617920.000000(--err)
395	63.576828	93.012199	0.100000	5558104576.000000	-7354865664.000000
396	0.165024	18.546856	0.100000	2.506836	0.645020(--err)
396	0.165024	18.546856	0.100000	-8689.823242	-6069.503418
397	65.727409	17.142696	0.100000	-2.791016	0.979980(--err)
397	65.727409	17.142696	0.100000	20194.453125	4309.473145
398	54.777111	17.095024	0.100000	0.000000	0.000000(--err)
398	54.777111	17.095024	0.100000	296172978176.000000	3781631410176.000000
399	28.467911	2.296972	0.100000	12.050781	22.784424(--err)
399	28.467911	2.296972	0.100000	25296.716797	-2850.369629
400	41.713451	82.989899	0.100000	6.747314	1.158203(--err)
400	41.713451	82.989899	0.100000	-2545.928467	-489.343262
401	59.139973	57.808567	0.100000	1.164062	1.587891(--err)
401	59.139973	57.808567	0.100000	-51572.468750	-24335.460938
402	29.773851	68.257011	0.100000	717.909180	63.522949(--err)
402	29.773851	68.257011	0.100000	15535.029297	4836.156250
403	37.163239	33.059105	0.100000	-4.602905	13.692627(--err)
403	37.163239	33.059105	0.100000	673.389648	-599.084961
404	88.053139	65.890839	0.100000	0.000000	0.000000(--err)
404	88.053139	65.890839	0.100000	-2849737107570688.000000	184561472372736.000000
405	37.371239	4.110089	0.100000	-25.078247	4.927734(--err)
405	37.371239	4.110089	0.100000	-1104.640991	16528.226562
406	61.684673	99.140610	0.100000	-1404.406250	-150.867188(--err)
406	61.684673	99.140610	0.100000	-35965.214844	-109183.257812
407	62.051056	9.189254	0.100000	95.986328	-552.933594(--err)
407	62.051056	9.189254	0.100000	-28410.712891	-30100.269531
408	30.422882	55.412113	0.100000	2.109375	2.000000(--err)
408	30.422882	55.412113	0.100000	-137456.203125	-19104398.000000
409	62.935619	4.143141	0.100000	-97.371094	557.242188(--err)
409	62.935619	4.143141	0.100000	-32879.152344	20756.099609
410	63.216885	26.512453	0.100000	-255.873291	344.583801(--err)
410	63.216885	26.512453	0.100000	-3598.476074	525.968811
411	97.155334	63.381912	0.100000	-2.479004	1.382812(--err)
411	97.155334	63.381912	0.100000	2368.248535	-42998.941406
412	45.059307	62.882740	0.100000	1.773438	12.054810(--err)
412	45.059307	62.882740	0.100000	-5494.904297	-1143.739258
413	80.524605	99.836418	0.100000	14652.945312	-17984.029297(--err)
413	80.524605	99.836418	0.100000	-66438.015625	13919.187500
414	79.977760	8.992517	0.100000	-12409.796875	12919.929688(--err)
414	79.977760	8.992517	0.100000	187971.171875	-101452.492188
415	2.133389	21.691217	0.100000	-1.000000	8.500000(--err)
415	2.133389	21.691217	0.100000	6573124.500000	7824705.500000
416	91.982414	61.273361	0.100000	-7.615234	5.503906(--err)
416	91.982414	61.273361	0.100000	-29459.251953	29591.960938
417	79.499779	21.756264	0.100000	-6703.290527	-1715.744263(--err)
417	79.499779	21.756264	0.100000	8078.603027	-289.624298
418	29.530371	16.663023	0.100000	-237.125000	-3863.625000(--err)
418	29.530371	16.663023	0.100000	-1035688.937500	-1099899.375000
419	54.815369	17.583509	0.100000	-32768.000000	0.000000(--err)
419	54.815369	17.583509	0.100000	-296172912640.000000	-3781631410176.000000
420	82.553864	92.186607	0.100000	1766.451172	-1154.503906(--err)
420	82.553864	92.186607	0.100000	21046.808594	-13262.595703
421	21.693598	44.238537	0.100000	7.316528	-12.379028(--err)
421	21.693598	44.238537	0.100000	1940.692505	2019.512573
422	91.327217	83.744659	0.100000	-29.818359	35.456055(--err)
422	91.327217	83.744659	0.100000	29655.279297	-4431.646484
423	53.427792	21.750095	0.100000	-18336.000000	-24384.000000(--err)
423	53.427792	21.750095	0.100000	289358208.000000	-227594352.000000
424	39.156769	16.363413	0.100000	32.957520	86.752930(--err)
424	39.156769	16.363413	0.100000	-4489.799316	8907.956055
425	25.893234	2.373655	0.100000	-31.271484	17.619629(--err)
425	25.893234	2.373655	0.100000	-31710.898438	-3286.219482
426	42.875870	23.048571	0.100000	19464192.000000	-17235968.000000(--err)
426	42.875870	23.048571	0.100000	223460360192.000000	-223792922624.000000
427	65.755562	87.935181	0.100000	-303.951172	852.428711(--err)
427	65.755562	87.935181	0.100000	20204.732422	-10585.135742
428	85.931313	46.280170	0.100000	-60989.632812	-35634.625000(--err)
428	85.931313	46.280170	0.100000	64605.125000	-395730.218750
429	87.771591	65.909073	0.100000	0.000000	0.000000(--err)
429	87.771591	65.909073	0.100000	2849737107570688.000000	-184561472372736.000000
430	55.272686	89.904984	0.100000	20831.429688	-4476.994629(--err)
430	55.272686	89.904984	0.100000	-20770.705078	9646.527344
431	87.600288	47.255096	0.100000	60985.000000	35615.000000(--err)
431	87.600288	47.255096	0.100000	8215265.000000	-5869701.500000
432	51.178341	67.100075	0.100000	-297.138672	765.696045(--err)
432	51.178341	67.100075	0.100000	13108.926758	-4833.059082
433	69.011360	80.708710	0.100000	-21.968750	44.250000(--err)
433	69.011360	80.708710	0.100000	336619.656250	-1500235.250000
434	83.763100	23.826725	0.100000	81.920532	549.243469(--err)
434	83.763100	23.826725	0.100000	1094.724487	547.641174
435	98.292229	66.316956	0.100000	0.000000	128.000000(--err)
435	98.292229	66.316956	0.100000	-999907136.000000	-1404676608.000000
436	16.013332	19.985823	0.100000	99.312500	-207.687500(--err)
436	16.013332	19.985823	0.100000	-491287.625000	574817.062500
437	10.555496	7.340547	0.100000	-12160.000000	-20544.000000(--err)
437	10.555496	7.340547	0.100000	591024000.000000	-285590048.000000
438	3.730481	63.983284	0.100000	-20.157471	-465.513641(--err)
438	3.730481	63.983284	0.100000	-675.305054	880.204834
439	29.090643	42.887253	0.100000	8282.000000	-11872.000000(--err)
439	29.090643	42.887253	0.100000	-27687660.000000	-20549022.000000
440	80.346703	54.983879	0.100000	2.111748	36.580650(--err)
440	80.346703	54.983879	0.100000	88.304451	115.622734
441	45.260906	23.222570	0.100000	-20336.146484	14488.587891(--err)
441	45.260906	23.222570	0.100000	20336.146484	-14488.587891
442	78.032448	11.016469	0.100000	145054.812500	52894.968750(--err)
442	78.032448	11.016469	0.100000	-145054.812500	-52894.968750
443	11.157747	63.963760	0.100000	-1230.656006	-1565.885498(--err)
443	11.157747	63.963760	0.100000	1230.656006	1565.885498
444	57.296638	98.929344	0.100000	-9365.695312	-10547.177734(--err)
444	57.296638	98.929344	0.100000	9365.695312	10547.177734
445	29.872835	12.569324	0.100000	-66370189754630144.000000	40347429584764928.000000(--err)
445	29.872835	12.569324	0.100000	66370189754630144.000000	-40347429584764928.000000
446	88.834328	17.473125	0.100000	-17023.712891	-2060204.250000(--err)
446	88.834328	17.473125	0.100000	17023.712891	2060204.250000
447	59.824417	40.012672	0.100000	88.467545	618.649048(--err)
447	59.824417	40.012672	0.100000	-88.467545	-618.649048
448	84.573196	28.835779	0.100000	5670.860352	24826.736328(--err)
448	84.573196	28.835779	0.100000	-5670.860352	-24826.736328
449	20.721386	68.336296	0.100000	-9522.083984	9901.699219(--err)
449	20.721386	68.336296	0.100000	9522.083984	-9901.699219
450	52.662502	19.013609	0.100000	-7331070976.000000	-16086321152.000000(--err)
450	52.662502	19.013609	0.100000	7331070976.000000	16086321152.000000
451	34.653255	68.675835	0.100000	219.160080	-1536.865479(--err)
451	34.653255	68.675835	0.100000	-219.160080	1536.865479
452	38.999432	45.208752	0.100000	-27611.363281	2499.866943(--err)
452	38.999432	45.208752	0.100000	27611.363281	-2499.866943
453	76.016388	42.729912	0.100000	999749.437500	13900143.000000(--err)
453	76.016388	42.729912	0.100000	-999749.437500	-13900143.000000
454	9.192039	5.107025	0.100000	-45711776.000000	-107808744.000000(--err)
454	9.192039	5.107025	0.100000	45711776.000000	107808744.000000
455	85.617157	89.538742	0.100000	4133.367676	13103.900391(--err)
455	85.617157	89.538742	0.100000	-4133.367676	-13103.900391
456	60.090904	30.878071	0.100000	5763005.500000	-20396132.000000(--err)
456	60.090904	30.878071	0.100000	-5763005.500000	20396132.000000
457	12.761312	38.123352	0.100000	956.580200	-385.876434(--err)
457	12.761312	38.123352	0.100000	-956.580200	385.876434
458	41.894539	23.919058	0.100000	-19492184.000000	17297414.000000(--err)
458	41.894539	23.919058	0.100000	19492184.000000	-17297414.000000
459	2.087111	99.191177	0.100000	14908461770866688.000000	-2040905913597952.000000(--err)
459	2.087111	99.191177	0.100000	-14908461770866688.000000	2040905913597952.000000
460	22.848402	31.959946	0.100000	81871.382812	116540.546875(--err)
460	22.848402	31.959946	0.100000	-81871.382812	-116540.546875
461	11.760501	11.682729	0.100000	-5398111.500000	-5089135.000000(--err)
461	11.760501	11.682729	0.100000	5398111.500000	5089135.000000
462	49.433071	71.584923	0.100000	698818688.000000	9249329152.000000(--err)
462	49.433071	71.584923	0.100000	-698818688.000000	-9249329152.000000
463	51.695400	34.006271	0.100000	24416.326172	-3075.356689(--err)
463	51.695400	34.006271	0.100000	-24416.326172	3075.356689
464	0.420699	72.416786	0.100000	274.089600	309.291168(--err)
464	0.420699	72.416786	0.100000	-274.089600	-309.291168
465	2.342568	53.083206	0.100000	6483.575684	4021.656494(--err)
465	2.342568	53.083206	0.100000	-6483.575684	-4021.656494
466	91.430397	36.995823	0.100000	50814952.000000	-85280608.000000(--err)
466	91.430397	36.995823	0.100000	-50814952.000000	85280608.000000
467	21.759041	30.429829	0.100000	-94565.085938	-101354.679688(--err)
467	21.759041	30.429829	0.100000	94565.085938	101354.679688
468	82.204575	97.775421	0.100000	-21058.392578	17133.615234(--err)
468	82.204575	97.775421	0.100000	21058.392578	-17133.615234
469	73.159744	91.396614	0.100000	3040.620117	3994.974121(--err)
469	73.159744	91.396614	0.100000	-3040.620117	-3994.974121
470	2.882448	58.776901	0.100000	3692.650391	-5244.752441(--err)
470	2.882448	58.776901	0.100000	-3692.650391	5244.752441
471	80.935356	62.973351	0.100000	-34030292992.000000	16638609408.000000(--err)
471	80.935356	62.973351	0.100000	34030292992.000000	-16638609408.000000
472	89.654976	93.696663	0.100000	-21915.070312	2231.764893(--err)
472	89.654976	93.696663	0.100000	21915.070312	-2231.764893
473	1.096702	31.549513	0.100000	-104050.453125	435533.093750(--err)
473	1.096702	31.549513	0.100000	104050.453125	-435533.093750
474	17.615723	3.183813	0.100000	-11097.458008	-832.745605(--err)
474	17.615723	3.183813	0.100000	11097.458008	832.745605
475	30.740690	40.464123	0.100000	-11987.699219	17715.660156(--err)
475	30.740690	40.464123	0.100000	11987.699219	-17715.660156
476	35.143757	42.501190	0.100000	-9251371.000000	-51163308.000000(--err)
476	35.143757	42.501190	0.100000	9251371.000000	51163308.000000
477	52.146851	84.576828	0.100000	94273.617188	-16272.211914(--err)
477	52.146851	84.576828	0.100000	-94273.617188	16272.211914
478	14.086109	3.842254	0.100000	-53805596672.000000	-38551797760.000000(--err)
478	14.086109	3.842254	0.100000	53805596672.000000	38551797760.000000
479	18.583101	14.506809	0.100000	-19248.960938	-59106.785156(--err)
479	18.583101	14.506809	0.100000	19248.960938	59106.785156
480	76.259041	20.925669	0.100000	889980480.000000	1704633984.000000(--err)
480	76.259041	20.925669	0.100000	-889980480.000000	-1704633984.000000
481	67.590012	67.689438	0.100000	-31518.542969	21176.445312(--err)
481	67.590012	67.689438	0.100000	31518.542969	-21176.445312
482	57.921494	89.349052	0.100000	-21943.787109	1739.897461(--err)
482	57.921494	89.349052	0.100000	21943.787109	-1739.897461
483	98.119263	40.126064	0.100000	-2294.683105	-371.686310(--err)
483	98.119263	40.126064	0.100000	2294.683105	371.686310
484	87.124481	71.278999	0.100000	1807.570801	926.486267(--err)
484	87.124481	71.278999	0.100000	-1807.570801	-926.486267
485	31.522676	90.006927	0.100000	-502980905615228928.000000	-219774129371348992.000000(--err)
485	31.522676	90.006927	0.100000	502980905615228928.000000	219774129371348992.000000
486	30.055908	12.458031	0.100000	66370189754630144.000000	-40347429584764928.000000(--err)
486	30.055908	12.458031	0.100000	-66370189754630144.000000	40347429584764928.000000
487	52.980274	19.710880	0.100000	7331056128.000000	16086228992.000000(--err)
487	52.980274	19.710880	0.100000	-7331056128.000000	-16086228992.000000
488	6.154695	54.076977	0.100000	-9184.351562	49875.527344(--err)
488	6.154695	54.076977	0.100000	9184.351562	-49875.527344
489	51.260395	23.770418	0.100000	40776.585938	1895.193970(--err)
489	51.260395	23.770418	0.100000	-40776.585938	-1895.193970
490	57.260788	82.001083	0.100000	-4117.136230	18298.988281(--err)
490	57.260788	82.001083	0.100000	4117.136230	-18298.988281
491	64.234543	92.404549	0.100000	39110143996067840.000000	17299691255365632.000000(--err)
491	64.234543	92.404549	0.100000	-39110143996067840.000000	-17299691255365632.000000
492	24.502272	16.381395	0.100000	58698.082031	889460.750000(--err)
492	24.502272	16.381395	0.100000	-58698.082031	-889460.750000
493	76.981377	38.588379	0.100000	-25743.343750	15610.633789(--err)
493	76.981377	38.588379	0.100000	25743.343750	-15610.633789
494	20.223648	95.564476	0.100000	1583.789307	-15988.183594(--err)
494	20.223648	95.564476	0.100000	-1583.789307	15988.183594
495	53.095192	96.482689	0.100000	-6783.570801	-1878.270630(--err)
495	53.095192	96.482689	0.100000	6783.570801	1878.270630
 
TACC: Shutdown complete. Exiting.
